Departamento,Municipio,CÓDIGOS DIVIPOLA,SEXO,VARIABLE / MAYOR DE EDAD (> 18 AÑOS) O MENOR DE EDAD (< 18 AÑOS),Amarilla,Blanco,Indigena,Mestizo,Mulato,Negro,Sin Información,TOTAL
Amazonas , La Chorrera,91405.0,Hombre,Menores de Edad (<18 años),-,-,-,-,-,-,-,-
Amazonas , La Chorrera,91405.0,Hombre,Mayores de Edad (>18 años),-,-,-,1,-,-,-,1
Amazonas , La Chorrera,91405.0,HOMBRE,TOTAL,-,-,-,1,-,-,-,1
Amazonas , La Chorrera,91405.0,Mujer,Menores de Edad (<18 años),-,-,-,-,-,-,-,-
Amazonas , La Chorrera,91405.0,Mujer,Mayores de Edad (>18 años),-,-,-,-,-,-,-,-
Amazonas , La Chorrera,91405.0,MUJER,TOTAL,-,-,-,-,-,-,-,-
Amazonas , La Chorrera,91405.0,Indeterminado,Menores de Edad (<18 años),-,-,-,-,-,-,-,-
Amazonas , La Chorrera,91405.0,Indeterminado,Mayores de Edad (>18 años),-,-,-,-,-,-,-,-
Amazonas , La Chorrera,91405.0,INDETERMINADO,TOTAL,-,-,-,-,-,-,-,-
Amazonas , La Chorrera,91405.0,TOTAL,,-,-,-,1,-,-,-,1
Amazonas , Leticia,91001.0,Hombre,Menores de Edad (<18 años),-,-,-,-,-,-,-,-
Amazonas , Leticia,91001.0,Hombre,Mayores de Edad (>18 años),-,2,-,7,-,-,1,10
Amazonas , Leticia,91001.0,HOMBRE,TOTAL,-,2,-,7,-,-,1,10
Amazonas , Leticia,91001.0,Mujer,Menores de Edad (<18 años),-,-,-,-,-,-,-,-
Amazonas , Leticia,91001.0,Mujer,Mayores de Edad (>18 años),-,-,-,2,-,-,-,2
Amazonas , Leticia,91001.0,MUJER,TOTAL,-,-,-,2,-,-,-,2
Amazonas , Leticia,91001.0,Indeterminado,Menores de Edad (<18 años),-,-,-,-,-,-,-,-
Amazonas , Leticia,91001.0,Indeterminado,Mayores de Edad (>18 años),-,-,-,-,-,-,-,-
Amazonas , Leticia,91001.0,INDETERMINADO,TOTAL,-,-,-,-,-,-,-,-
Amazonas , Leticia,91001.0,TOTAL,,-,2,-,9,-,-,1,12
Antioquia , Abejorral,5002.0,Hombre,Menores de Edad (<18 años),-,-,-,-,-,-,-,-
Antioquia , Abejorral,5002.0,Hombre,Mayores de Edad (>18 años),-,-,-,3,-,-,1,4
Antioquia , Abejorral,5002.0,HOMBRE,TOTAL,-,-,-,3,-,-,1,4
Antioquia , Abejorral,5002.0,Mujer,Menores de Edad (<18 años),-,-,-,-,-,-,-,-
Antioquia , Abejorral,5002.0,Mujer,Mayores de Edad (>18 años),-,-,-,-,-,-,1,1
Antioquia , Abejorral,5002.0,MUJER,TOTAL,-,-,-,-,-,-,1,1
Antioquia , Abejorral,5002.0,Indeterminado,Menores de Edad (<18 años),-,-,-,-,-,-,-,-
Antioquia , Abejorral,5002.0,Indeterminado,Mayores de Edad (>18 años),-,-,-,-,-,-,-,-
Antioquia , Abejorral,5002.0,INDETERMINADO,TOTAL,-,-,-,-,-,-,-,-
Antioquia , Abejorral,5002.0,TOTAL,,-,-,-,3,-,-,2,5
Antioquia , Amagá,5030.0,Hombre,Menores de Edad (<18 años),-,-,-,1,-,-,-,1
Antioquia , Amagá,5030.0,Hombre,Mayores de Edad (>18 años),-,-,-,12,-,-,5,17
Antioquia , Amagá,5030.0,HOMBRE,TOTAL,-,-,-,13,-,-,5,18
Antioquia , Amagá,5030.0,Mujer,Menores de Edad (<18 años),-,-,-,-,-,-,-,-
Antioquia , Amagá,5030.0,Mujer,Mayores de Edad (>18 años),-,-,-,-,-,-,-,-
Antioquia , Amagá,5030.0,MUJER,TOTAL,-,-,-,-,-,-,-,-
Antioquia , Amagá,5030.0,Indeterminado,Menores de Edad (<18 años),-,-,-,-,-,-,-,-
Antioquia , Amagá,5030.0,Indeterminado,Mayores de Edad (>18 años),-,-,-,-,-,-,-,-
Antioquia , Amagá,5030.0,INDETERMINADO,TOTAL,-,-,-,-,-,-,-,-
Antioquia , Amagá,5030.0,TOTAL,,-,-,-,13,-,-,5,18
Antioquia , Amalfi,5031.0,Hombre,Menores de Edad (<18 años),-,-,-,-,-,-,-,-
Antioquia , Amalfi,5031.0,Hombre,Mayores de Edad (>18 años),-,-,-,2,-,-,3,5
Antioquia , Amalfi,5031.0,HOMBRE,TOTAL,-,-,-,2,-,-,3,5
Antioquia , Amalfi,5031.0,Mujer,Menores de Edad (<18 años),-,-,-,-,-,-,-,-
Antioquia , Amalfi,5031.0,Mujer,Mayores de Edad (>18 años),-,-,-,-,-,-,1,1
Antioquia , Amalfi,5031.0,MUJER,TOTAL,-,-,-,-,-,-,1,1
Antioquia , Amalfi,5031.0,Indeterminado,Menores de Edad (<18 años),-,-,-,-,-,-,-,-
Antioquia , Amalfi,5031.0,Indeterminado,Mayores de Edad (>18 años),-,-,-,-,-,-,-,-
Antioquia , Amalfi,5031.0,INDETERMINADO,TOTAL,-,-,-,-,-,-,-,-
Antioquia , Amalfi,5031.0,TOTAL,,-,-,-,2,-,-,4,6
Antioquia , Andes,5034.0,Hombre,Menores de Edad (<18 años),-,-,-,3,-,-,-,3
Antioquia , Andes,5034.0,Hombre,Mayores de Edad (>18 años),-,-,-,29,-,2,5,36
Antioquia , Andes,5034.0,HOMBRE,TOTAL,-,-,-,32,-,2,5,39
Antioquia , Andes,5034.0,Mujer,Menores de Edad (<18 años),-,-,-,1,-,-,-,1
Antioquia , Andes,5034.0,Mujer,Mayores de Edad (>18 años),-,-,-,1,-,-,-,1
Antioquia , Andes,5034.0,MUJER,TOTAL,-,-,-,2,-,-,-,2
Antioquia , Andes,5034.0,Indeterminado,Menores de Edad (<18 años),-,-,-,-,-,-,-,-
Antioquia , Andes,5034.0,Indeterminado,Mayores de Edad (>18 años),-,-,-,-,-,-,-,-
Antioquia , Andes,5034.0,INDETERMINADO,TOTAL,-,-,-,-,-,-,-,-
Antioquia , Andes,5034.0,TOTAL,,-,-,-,34,-,2,5,41
Antioquia , Angelópolis,5036.0,Hombre,Menores de Edad (<18 años),-,-,-,-,-,-,-,-
Antioquia , Angelópolis,5036.0,Hombre,Mayores de Edad (>18 años),-,-,-,5,-,-,-,5
Antioquia , Angelópolis,5036.0,HOMBRE,TOTAL,-,-,-,5,-,-,-,5
Antioquia , Angelópolis,5036.0,Mujer,Menores de Edad (<18 años),-,-,-,-,-,-,-,-
Antioquia , Angelópolis,5036.0,Mujer,Mayores de Edad (>18 años),-,-,-,1,-,-,-,1
Antioquia , Angelópolis,5036.0,MUJER,TOTAL,-,-,-,1,-,-,-,1
Antioquia , Angelópolis,5036.0,Indeterminado,Menores de Edad (<18 años),-,-,-,-,-,-,-,-
Antioquia , Angelópolis,5036.0,Indeterminado,Mayores de Edad (>18 años),-,-,-,-,-,-,-,-
Antioquia , Angelópolis,5036.0,INDETERMINADO,TOTAL,-,-,-,-,-,-,-,-
Antioquia , Angelópolis,5036.0,TOTAL,,-,-,-,6,-,-,-,6
Antioquia , Angostura,5038.0,Hombre,Menores de Edad (<18 años),-,-,-,-,-,-,-,-
Antioquia , Angostura,5038.0,Hombre,Mayores de Edad (>18 años),-,1,-,4,-,-,2,7
Antioquia , Angostura,5038.0,HOMBRE,TOTAL,-,1,-,4,-,-,2,7
Antioquia , Angostura,5038.0,Mujer,Menores de Edad (<18 años),-,-,-,-,-,-,-,-
Antioquia , Angostura,5038.0,Mujer,Mayores de Edad (>18 años),-,-,-,-,-,-,-,-
Antioquia , Angostura,5038.0,MUJER,TOTAL,-,-,-,-,-,-,-,-
Antioquia , Angostura,5038.0,Indeterminado,Menores de Edad (<18 años),-,-,-,-,-,-,-,-
Antioquia , Angostura,5038.0,Indeterminado,Mayores de Edad (>18 años),-,-,-,-,-,-,-,-
Antioquia , Angostura,5038.0,INDETERMINADO,TOTAL,-,-,-,-,-,-,-,-
Antioquia , Angostura,5038.0,TOTAL,,-,1,-,4,-,-,2,7
Antioquia , Anorí,5040.0,Hombre,Menores de Edad (<18 años),-,-,-,-,-,1,-,1
Antioquia , Anorí,5040.0,Hombre,Mayores de Edad (>18 años),-,1,-,13,-,-,4,18
Antioquia , Anorí,5040.0,HOMBRE,TOTAL,-,1,-,13,-,1,4,19
Antioquia , Anorí,5040.0,Mujer,Menores de Edad (<18 años),-,-,-,-,-,-,-,-
Antioquia , Anorí,5040.0,Mujer,Mayores de Edad (>18 años),-,-,-,-,-,1,-,1
Antioquia , Anorí,5040.0,MUJER,TOTAL,-,-,-,-,-,1,-,1
Antioquia , Anorí,5040.0,Indeterminado,Menores de Edad (<18 años),-,-,-,-,-,-,-,-
Antioquia , Anorí,5040.0,Indeterminado,Mayores de Edad (>18 años),-,-,-,-,-,-,-,-
Antioquia , Anorí,5040.0,INDETERMINADO,TOTAL,-,-,-,-,-,-,-,-
Antioquia , Anorí,5040.0,TOTAL,,-,1,-,13,-,2,4,20
Antioquia , Anzá,5044.0,Hombre,Menores de Edad (<18 años),-,-,-,-,-,-,-,-
Antioquia , Anzá,5044.0,Hombre,Mayores de Edad (>18 años),-,-,-,2,-,-,-,2
Antioquia , Anzá,5044.0,HOMBRE,TOTAL,-,-,-,2,-,-,-,2
Antioquia , Anzá,5044.0,Mujer,Menores de Edad (<18 años),-,-,-,-,-,-,-,-
Antioquia , Anzá,5044.0,Mujer,Mayores de Edad (>18 años),-,-,-,-,-,-,-,-
Antioquia , Anzá,5044.0,MUJER,TOTAL,-,-,-,-,-,-,-,-
Antioquia , Anzá,5044.0,Indeterminado,Menores de Edad (<18 años),-,-,-,-,-,-,-,-
Antioquia , Anzá,5044.0,Indeterminado,Mayores de Edad (>18 años),-,-,-,-,-,-,-,-
Antioquia , Anzá,5044.0,INDETERMINADO,TOTAL,-,-,-,-,-,-,-,-
Antioquia , Anzá,5044.0,TOTAL,,-,-,-,2,-,-,-,2
Antioquia , Apartadó,5045.0,Hombre,Menores de Edad (<18 años),-,-,-,1,-,-,-,1
Antioquia , Apartadó,5045.0,Hombre,Mayores de Edad (>18 años),-,-,-,3,-,2,6,11
Antioquia , Apartadó,5045.0,HOMBRE,TOTAL,-,-,-,4,-,2,6,12
Antioquia , Apartadó,5045.0,Mujer,Menores de Edad (<18 años),-,-,-,-,-,-,-,-
Antioquia , Apartadó,5045.0,Mujer,Mayores de Edad (>18 años),-,-,-,2,-,-,-,2
Antioquia , Apartadó,5045.0,MUJER,TOTAL,-,-,-,2,-,-,-,2
Antioquia , Apartadó,5045.0,Indeterminado,Menores de Edad (<18 años),-,-,-,-,-,-,-,-
Antioquia , Apartadó,5045.0,Indeterminado,Mayores de Edad (>18 años),-,-,-,-,-,-,-,-
Antioquia , Apartadó,5045.0,INDETERMINADO,TOTAL,-,-,-,-,-,-,-,-
Antioquia , Apartadó,5045.0,TOTAL,,-,-,-,6,-,2,6,14
Antioquia , Arboletes,5051.0,Hombre,Menores de Edad (<18 años),-,-,-,-,-,-,-,-
Antioquia , Arboletes,5051.0,Hombre,Mayores de Edad (>18 años),-,-,-,1,-,-,-,1
Antioquia , Arboletes,5051.0,HOMBRE,TOTAL,-,-,-,1,-,-,-,1
Antioquia , Arboletes,5051.0,Mujer,Menores de Edad (<18 años),-,-,-,-,-,-,-,-
Antioquia , Arboletes,5051.0,Mujer,Mayores de Edad (>18 años),-,-,-,-,-,-,-,-
Antioquia , Arboletes,5051.0,MUJER,TOTAL,-,-,-,-,-,-,-,-
Antioquia , Arboletes,5051.0,Indeterminado,Menores de Edad (<18 años),-,-,-,-,-,-,-,-
Antioquia , Arboletes,5051.0,Indeterminado,Mayores de Edad (>18 años),-,-,-,-,-,-,-,-
Antioquia , Arboletes,5051.0,INDETERMINADO,TOTAL,-,-,-,-,-,-,-,-
Antioquia , Arboletes,5051.0,TOTAL,,-,-,-,1,-,-,-,1
Antioquia , Argelia,5055.0,Hombre,Menores de Edad (<18 años),-,-,-,-,-,-,-,-
Antioquia , Argelia,5055.0,Hombre,Mayores de Edad (>18 años),-,-,-,2,-,-,-,2
Antioquia , Argelia,5055.0,HOMBRE,TOTAL,-,-,-,2,-,-,-,2
Antioquia , Argelia,5055.0,Mujer,Menores de Edad (<18 años),-,-,-,-,-,-,-,-
Antioquia , Argelia,5055.0,Mujer,Mayores de Edad (>18 años),-,-,-,-,-,-,-,-
Antioquia , Argelia,5055.0,MUJER,TOTAL,-,-,-,-,-,-,-,-
Antioquia , Argelia,5055.0,Indeterminado,Menores de Edad (<18 años),-,-,-,-,-,-,-,-
Antioquia , Argelia,5055.0,Indeterminado,Mayores de Edad (>18 años),-,-,-,-,-,-,-,-
Antioquia , Argelia,5055.0,INDETERMINADO,TOTAL,-,-,-,-,-,-,-,-
Antioquia , Argelia,5055.0,TOTAL,,-,-,-,2,-,-,-,2
Antioquia , Armenia,5059.0,Hombre,Menores de Edad (<18 años),-,-,-,-,-,-,-,-
Antioquia , Armenia,5059.0,Hombre,Mayores de Edad (>18 años),-,-,-,1,-,-,-,1
Antioquia , Armenia,5059.0,HOMBRE,TOTAL,-,-,-,1,-,-,-,1
Antioquia , Armenia,5059.0,Mujer,Menores de Edad (<18 años),-,-,-,-,-,-,-,-
Antioquia , Armenia,5059.0,Mujer,Mayores de Edad (>18 años),-,-,-,-,-,-,-,-
Antioquia , Armenia,5059.0,MUJER,TOTAL,-,-,-,-,-,-,-,-
Antioquia , Armenia,5059.0,Indeterminado,Menores de Edad (<18 años),-,-,-,-,-,-,-,-
Antioquia , Armenia,5059.0,Indeterminado,Mayores de Edad (>18 años),-,-,-,-,-,-,-,-
Antioquia , Armenia,5059.0,INDETERMINADO,TOTAL,-,-,-,-,-,-,-,-
Antioquia , Armenia,5059.0,TOTAL,,-,-,-,1,-,-,-,1
Antioquia , Barbosa,5079.0,Hombre,Menores de Edad (<18 años),-,-,-,2,-,-,-,2
Antioquia , Barbosa,5079.0,Hombre,Mayores de Edad (>18 años),-,2,-,22,-,-,4,28
Antioquia , Barbosa,5079.0,HOMBRE,TOTAL,-,2,-,24,-,-,4,30
Antioquia , Barbosa,5079.0,Mujer,Menores de Edad (<18 años),-,-,-,-,-,-,-,-
Antioquia , Barbosa,5079.0,Mujer,Mayores de Edad (>18 años),-,-,-,1,-,-,-,1
Antioquia , Barbosa,5079.0,MUJER,TOTAL,-,-,-,1,-,-,-,1
Antioquia , Barbosa,5079.0,Indeterminado,Menores de Edad (<18 años),-,-,-,-,-,-,-,-
Antioquia , Barbosa,5079.0,Indeterminado,Mayores de Edad (>18 años),-,-,-,-,-,-,-,-
Antioquia , Barbosa,5079.0,INDETERMINADO,TOTAL,-,-,-,-,-,-,-,-
Antioquia , Barbosa,5079.0,TOTAL,,-,2,-,25,-,-,4,31
Antioquia , Bello,5088.0,Hombre,Menores de Edad (<18 años),-,1,-,4,-,-,-,5
Antioquia , Bello,5088.0,Hombre,Mayores de Edad (>18 años),-,13,-,66,3,3,8,93
Antioquia , Bello,5088.0,HOMBRE,TOTAL,-,14,-,70,3,3,8,98
Antioquia , Bello,5088.0,Mujer,Menores de Edad (<18 años),-,-,-,-,-,-,1,1
Antioquia , Bello,5088.0,Mujer,Mayores de Edad (>18 años),-,1,-,9,-,1,3,14
Antioquia , Bello,5088.0,MUJER,TOTAL,-,1,-,9,-,1,4,15
Antioquia , Bello,5088.0,Indeterminado,Menores de Edad (<18 años),-,-,-,-,-,-,-,-
Antioquia , Bello,5088.0,Indeterminado,Mayores de Edad (>18 años),-,-,-,-,-,-,-,-
Antioquia , Bello,5088.0,INDETERMINADO,TOTAL,-,-,-,-,-,-,-,-
Antioquia , Bello,5088.0,TOTAL,,-,15,-,79,3,4,12,113
Antioquia , Belmira,5086.0,Hombre,Menores de Edad (<18 años),-,-,-,1,-,-,-,1
Antioquia , Belmira,5086.0,Hombre,Mayores de Edad (>18 años),-,-,-,-,-,-,-,-
Antioquia , Belmira,5086.0,HOMBRE,TOTAL,-,-,-,1,-,-,-,1
Antioquia , Belmira,5086.0,Mujer,Menores de Edad (<18 años),-,-,-,-,-,-,-,-
Antioquia , Belmira,5086.0,Mujer,Mayores de Edad (>18 años),-,-,-,-,-,-,-,-
Antioquia , Belmira,5086.0,MUJER,TOTAL,-,-,-,-,-,-,-,-
Antioquia , Belmira,5086.0,Indeterminado,Menores de Edad (<18 años),-,-,-,-,-,-,-,-
Antioquia , Belmira,5086.0,Indeterminado,Mayores de Edad (>18 años),-,-,-,-,-,-,-,-
Antioquia , Belmira,5086.0,INDETERMINADO,TOTAL,-,-,-,-,-,-,-,-
Antioquia , Belmira,5086.0,TOTAL,,-,-,-,1,-,-,-,1
Antioquia , Betania,5091.0,Hombre,Menores de Edad (<18 años),-,-,-,1,-,-,-,1
Antioquia , Betania,5091.0,Hombre,Mayores de Edad (>18 años),-,-,-,31,1,1,3,36
Antioquia , Betania,5091.0,HOMBRE,TOTAL,-,-,-,32,1,1,3,37
Antioquia , Betania,5091.0,Mujer,Menores de Edad (<18 años),-,-,-,-,-,-,-,-
Antioquia , Betania,5091.0,Mujer,Mayores de Edad (>18 años),-,-,-,2,-,-,-,2
Antioquia , Betania,5091.0,MUJER,TOTAL,-,-,-,2,-,-,-,2
Antioquia , Betania,5091.0,Indeterminado,Menores de Edad (<18 años),-,-,-,-,-,-,-,-
Antioquia , Betania,5091.0,Indeterminado,Mayores de Edad (>18 años),-,-,-,-,-,-,-,-
Antioquia , Betania,5091.0,INDETERMINADO,TOTAL,-,-,-,-,-,-,-,-
Antioquia , Betania,5091.0,TOTAL,,-,-,-,34,1,1,3,39
Antioquia , Betulia,5093.0,Hombre,Menores de Edad (<18 años),-,-,-,-,-,-,-,-
Antioquia , Betulia,5093.0,Hombre,Mayores de Edad (>18 años),-,-,-,11,-,-,4,15
Antioquia , Betulia,5093.0,HOMBRE,TOTAL,-,-,-,11,-,-,4,15
Antioquia , Betulia,5093.0,Mujer,Menores de Edad (<18 años),-,-,-,-,-,-,-,-
Antioquia , Betulia,5093.0,Mujer,Mayores de Edad (>18 años),-,-,-,-,-,1,-,1
Antioquia , Betulia,5093.0,MUJER,TOTAL,-,-,-,-,-,1,-,1
Antioquia , Betulia,5093.0,Indeterminado,Menores de Edad (<18 años),-,-,-,-,-,-,-,-
Antioquia , Betulia,5093.0,Indeterminado,Mayores de Edad (>18 años),-,-,-,-,-,-,-,-
Antioquia , Betulia,5093.0,INDETERMINADO,TOTAL,-,-,-,-,-,-,-,-
Antioquia , Betulia,5093.0,TOTAL,,-,-,-,11,-,1,4,16
Antioquia , Briceño,5107.0,Hombre,Menores de Edad (<18 años),-,-,-,-,-,-,-,-
Antioquia , Briceño,5107.0,Hombre,Mayores de Edad (>18 años),-,-,-,3,-,-,-,3
Antioquia , Briceño,5107.0,HOMBRE,TOTAL,-,-,-,3,-,-,-,3
Antioquia , Briceño,5107.0,Mujer,Menores de Edad (<18 años),-,-,-,-,-,-,-,-
Antioquia , Briceño,5107.0,Mujer,Mayores de Edad (>18 años),-,-,-,-,-,-,-,-
Antioquia , Briceño,5107.0,MUJER,TOTAL,-,-,-,-,-,-,-,-
Antioquia , Briceño,5107.0,Indeterminado,Menores de Edad (<18 años),-,-,-,-,-,-,-,-
Antioquia , Briceño,5107.0,Indeterminado,Mayores de Edad (>18 años),-,-,-,-,-,-,-,-
Antioquia , Briceño,5107.0,INDETERMINADO,TOTAL,-,-,-,-,-,-,-,-
Antioquia , Briceño,5107.0,TOTAL,,-,-,-,3,-,-,-,3
Antioquia , Buriticá,5113.0,Hombre,Menores de Edad (<18 años),-,-,-,-,-,-,-,-
Antioquia , Buriticá,5113.0,Hombre,Mayores de Edad (>18 años),-,-,-,1,1,-,-,2
Antioquia , Buriticá,5113.0,HOMBRE,TOTAL,-,-,-,1,1,-,-,2
Antioquia , Buriticá,5113.0,Mujer,Menores de Edad (<18 años),-,-,-,-,-,-,-,-
Antioquia , Buriticá,5113.0,Mujer,Mayores de Edad (>18 años),-,-,-,-,-,-,-,-
Antioquia , Buriticá,5113.0,MUJER,TOTAL,-,-,-,-,-,-,-,-
Antioquia , Buriticá,5113.0,Indeterminado,Menores de Edad (<18 años),-,-,-,-,-,-,-,-
Antioquia , Buriticá,5113.0,Indeterminado,Mayores de Edad (>18 años),-,-,-,-,-,-,-,-
Antioquia , Buriticá,5113.0,INDETERMINADO,TOTAL,-,-,-,-,-,-,-,-
Antioquia , Buriticá,5113.0,TOTAL,,-,-,-,1,1,-,-,2
Antioquia , Cáceres,5120.0,Hombre,Menores de Edad (<18 años),-,-,-,1,-,-,1,2
Antioquia , Cáceres,5120.0,Hombre,Mayores de Edad (>18 años),-,1,2,47,-,1,4,55
Antioquia , Cáceres,5120.0,HOMBRE,TOTAL,-,1,2,48,-,1,5,57
Antioquia , Cáceres,5120.0,Mujer,Menores de Edad (<18 años),-,-,-,2,-,-,-,2
Antioquia , Cáceres,5120.0,Mujer,Mayores de Edad (>18 años),-,-,-,3,-,-,-,3
Antioquia , Cáceres,5120.0,MUJER,TOTAL,-,-,-,5,-,-,-,5
Antioquia , Cáceres,5120.0,Indeterminado,Menores de Edad (<18 años),-,-,-,-,-,-,-,-
Antioquia , Cáceres,5120.0,Indeterminado,Mayores de Edad (>18 años),-,-,-,-,-,-,-,-
Antioquia , Cáceres,5120.0,INDETERMINADO,TOTAL,-,-,-,-,-,-,-,-
Antioquia , Cáceres,5120.0,TOTAL,,-,1,2,53,-,1,5,62
Antioquia , Caldas,5129.0,Hombre,Menores de Edad (<18 años),-,-,-,-,-,-,-,-
Antioquia , Caldas,5129.0,Hombre,Mayores de Edad (>18 años),-,1,-,15,-,-,-,16
Antioquia , Caldas,5129.0,HOMBRE,TOTAL,-,1,-,15,-,-,-,16
Antioquia , Caldas,5129.0,Mujer,Menores de Edad (<18 años),-,-,-,-,-,-,-,-
Antioquia , Caldas,5129.0,Mujer,Mayores de Edad (>18 años),-,-,-,-,-,-,-,-
Antioquia , Caldas,5129.0,MUJER,TOTAL,-,-,-,-,-,-,-,-
Antioquia , Caldas,5129.0,Indeterminado,Menores de Edad (<18 años),-,-,-,-,-,-,-,-
Antioquia , Caldas,5129.0,Indeterminado,Mayores de Edad (>18 años),-,-,-,-,-,-,-,-
Antioquia , Caldas,5129.0,INDETERMINADO,TOTAL,-,-,-,-,-,-,-,-
Antioquia , Caldas,5129.0,TOTAL,,-,1,-,15,-,-,-,16
Antioquia , Campamento,5134.0,Hombre,Menores de Edad (<18 años),-,-,-,1,-,-,-,1
Antioquia , Campamento,5134.0,Hombre,Mayores de Edad (>18 años),-,-,-,1,-,-,2,3
Antioquia , Campamento,5134.0,HOMBRE,TOTAL,-,-,-,2,-,-,2,4
Antioquia , Campamento,5134.0,Mujer,Menores de Edad (<18 años),-,-,-,-,-,-,-,-
Antioquia , Campamento,5134.0,Mujer,Mayores de Edad (>18 años),-,-,-,-,-,-,-,-
Antioquia , Campamento,5134.0,MUJER,TOTAL,-,-,-,-,-,-,-,-
Antioquia , Campamento,5134.0,Indeterminado,Menores de Edad (<18 años),-,-,-,-,-,-,-,-
Antioquia , Campamento,5134.0,Indeterminado,Mayores de Edad (>18 años),-,-,-,-,-,-,-,-
Antioquia , Campamento,5134.0,INDETERMINADO,TOTAL,-,-,-,-,-,-,-,-
Antioquia , Campamento,5134.0,TOTAL,,-,-,-,2,-,-,2,4
Antioquia , Cañasgordas,5138.0,Hombre,Menores de Edad (<18 años),-,-,-,-,-,-,-,-
Antioquia , Cañasgordas,5138.0,Hombre,Mayores de Edad (>18 años),-,-,-,1,-,-,6,7
Antioquia , Cañasgordas,5138.0,HOMBRE,TOTAL,-,-,-,1,-,-,6,7
Antioquia , Cañasgordas,5138.0,Mujer,Menores de Edad (<18 años),-,-,-,-,-,-,-,-
Antioquia , Cañasgordas,5138.0,Mujer,Mayores de Edad (>18 años),-,-,-,-,-,-,1,1
Antioquia , Cañasgordas,5138.0,MUJER,TOTAL,-,-,-,-,-,-,1,1
Antioquia , Cañasgordas,5138.0,Indeterminado,Menores de Edad (<18 años),-,-,-,-,-,-,-,-
Antioquia , Cañasgordas,5138.0,Indeterminado,Mayores de Edad (>18 años),-,-,-,-,-,-,-,-
Antioquia , Cañasgordas,5138.0,INDETERMINADO,TOTAL,-,-,-,-,-,-,-,-
Antioquia , Cañasgordas,5138.0,TOTAL,,-,-,-,1,-,-,7,8
Antioquia , Carepa,5147.0,Hombre,Menores de Edad (<18 años),-,1,-,-,-,-,-,1
Antioquia , Carepa,5147.0,Hombre,Mayores de Edad (>18 años),-,-,-,7,-,1,-,8
Antioquia , Carepa,5147.0,HOMBRE,TOTAL,-,1,-,7,-,1,-,9
Antioquia , Carepa,5147.0,Mujer,Menores de Edad (<18 años),-,-,-,-,-,-,-,-
Antioquia , Carepa,5147.0,Mujer,Mayores de Edad (>18 años),-,-,-,-,-,-,-,-
Antioquia , Carepa,5147.0,MUJER,TOTAL,-,-,-,-,-,-,-,-
Antioquia , Carepa,5147.0,Indeterminado,Menores de Edad (<18 años),-,-,-,-,-,-,-,-
Antioquia , Carepa,5147.0,Indeterminado,Mayores de Edad (>18 años),-,-,-,-,-,-,-,-
Antioquia , Carepa,5147.0,INDETERMINADO,TOTAL,-,-,-,-,-,-,-,-
Antioquia , Carepa,5147.0,TOTAL,,-,1,-,7,-,1,-,9
Antioquia , Caucasia,5154.0,Hombre,Menores de Edad (<18 años),-,-,-,4,-,-,1,5
Antioquia , Caucasia,5154.0,Hombre,Mayores de Edad (>18 años),-,-,1,56,-,2,8,67
Antioquia , Caucasia,5154.0,HOMBRE,TOTAL,-,-,1,60,-,2,9,72
Antioquia , Caucasia,5154.0,Mujer,Menores de Edad (<18 años),-,-,-,3,-,-,-,3
Antioquia , Caucasia,5154.0,Mujer,Mayores de Edad (>18 años),-,1,-,7,-,-,-,8
Antioquia , Caucasia,5154.0,MUJER,TOTAL,-,1,-,10,-,-,-,11
Antioquia , Caucasia,5154.0,Indeterminado,Menores de Edad (<18 años),-,-,-,-,-,-,-,-
Antioquia , Caucasia,5154.0,Indeterminado,Mayores de Edad (>18 años),-,-,-,-,-,-,-,-
Antioquia , Caucasia,5154.0,INDETERMINADO,TOTAL,-,-,-,-,-,-,-,-
Antioquia , Caucasia,5154.0,TOTAL,,-,1,1,70,-,2,9,83
Antioquia , Chigorodó,5172.0,Hombre,Menores de Edad (<18 años),-,2,-,1,-,-,-,3
Antioquia , Chigorodó,5172.0,Hombre,Mayores de Edad (>18 años),-,2,-,10,-,5,11,28
Antioquia , Chigorodó,5172.0,HOMBRE,TOTAL,-,4,-,11,-,5,11,31
Antioquia , Chigorodó,5172.0,Mujer,Menores de Edad (<18 años),-,-,-,-,-,-,-,-
Antioquia , Chigorodó,5172.0,Mujer,Mayores de Edad (>18 años),-,-,-,-,-,-,2,2
Antioquia , Chigorodó,5172.0,MUJER,TOTAL,-,-,-,-,-,-,2,2
Antioquia , Chigorodó,5172.0,Indeterminado,Menores de Edad (<18 años),-,-,-,-,-,-,-,-
Antioquia , Chigorodó,5172.0,Indeterminado,Mayores de Edad (>18 años),-,-,-,-,-,-,-,-
Antioquia , Chigorodó,5172.0,INDETERMINADO,TOTAL,-,-,-,-,-,-,-,-
Antioquia , Chigorodó,5172.0,TOTAL,,-,4,-,11,-,5,13,33
Antioquia , Cisneros,5190.0,Hombre,Menores de Edad (<18 años),-,-,-,-,-,-,-,-
Antioquia , Cisneros,5190.0,Hombre,Mayores de Edad (>18 años),-,-,-,1,-,-,-,1
Antioquia , Cisneros,5190.0,HOMBRE,TOTAL,-,-,-,1,-,-,-,1
Antioquia , Cisneros,5190.0,Mujer,Menores de Edad (<18 años),-,-,-,-,-,-,-,-
Antioquia , Cisneros,5190.0,Mujer,Mayores de Edad (>18 años),-,-,-,-,-,-,-,-
Antioquia , Cisneros,5190.0,MUJER,TOTAL,-,-,-,-,-,-,-,-
Antioquia , Cisneros,5190.0,Indeterminado,Menores de Edad (<18 años),-,-,-,-,-,-,-,-
Antioquia , Cisneros,5190.0,Indeterminado,Mayores de Edad (>18 años),-,-,-,-,-,-,-,-
Antioquia , Cisneros,5190.0,INDETERMINADO,TOTAL,-,-,-,-,-,-,-,-
Antioquia , Cisneros,5190.0,TOTAL,,-,-,-,1,-,-,-,1
Antioquia , Ciudad Bolívar,5101.0,Hombre,Menores de Edad (<18 años),-,-,-,4,-,-,-,4
Antioquia , Ciudad Bolívar,5101.0,Hombre,Mayores de Edad (>18 años),-,-,-,22,-,-,13,35
Antioquia , Ciudad Bolívar,5101.0,HOMBRE,TOTAL,-,-,-,26,-,-,13,39
Antioquia , Ciudad Bolívar,5101.0,Mujer,Menores de Edad (<18 años),-,-,-,1,-,-,-,1
Antioquia , Ciudad Bolívar,5101.0,Mujer,Mayores de Edad (>18 años),-,-,-,4,-,-,1,5
Antioquia , Ciudad Bolívar,5101.0,MUJER,TOTAL,-,-,-,5,-,-,1,6
Antioquia , Ciudad Bolívar,5101.0,Indeterminado,Menores de Edad (<18 años),-,-,-,-,-,-,-,-
Antioquia , Ciudad Bolívar,5101.0,Indeterminado,Mayores de Edad (>18 años),-,-,-,-,-,-,-,-
Antioquia , Ciudad Bolívar,5101.0,INDETERMINADO,TOTAL,-,-,-,-,-,-,-,-
Antioquia , Ciudad Bolívar,5101.0,TOTAL,,-,-,-,31,-,-,14,45
Antioquia , Cocorná,5197.0,Hombre,Menores de Edad (<18 años),-,-,-,-,-,-,-,-
Antioquia , Cocorná,5197.0,Hombre,Mayores de Edad (>18 años),-,-,-,3,-,-,-,3
Antioquia , Cocorná,5197.0,HOMBRE,TOTAL,-,-,-,3,-,-,-,3
Antioquia , Cocorná,5197.0,Mujer,Menores de Edad (<18 años),-,-,-,-,-,-,-,-
Antioquia , Cocorná,5197.0,Mujer,Mayores de Edad (>18 años),-,-,-,-,-,-,-,-
Antioquia , Cocorná,5197.0,MUJER,TOTAL,-,-,-,-,-,-,-,-
Antioquia , Cocorná,5197.0,Indeterminado,Menores de Edad (<18 años),-,-,-,-,-,-,-,-
Antioquia , Cocorná,5197.0,Indeterminado,Mayores de Edad (>18 años),-,-,-,-,-,-,-,-
Antioquia , Cocorná,5197.0,INDETERMINADO,TOTAL,-,-,-,-,-,-,-,-
Antioquia , Cocorná,5197.0,TOTAL,,-,-,-,3,-,-,-,3
Antioquia , Concepción,5206.0,Hombre,Menores de Edad (<18 años),-,-,-,-,-,-,-,-
Antioquia , Concepción,5206.0,Hombre,Mayores de Edad (>18 años),-,-,-,1,-,-,1,2
Antioquia , Concepción,5206.0,HOMBRE,TOTAL,-,-,-,1,-,-,1,2
Antioquia , Concepción,5206.0,Mujer,Menores de Edad (<18 años),-,-,-,-,-,-,-,-
Antioquia , Concepción,5206.0,Mujer,Mayores de Edad (>18 años),-,-,-,-,-,-,-,-
Antioquia , Concepción,5206.0,MUJER,TOTAL,-,-,-,-,-,-,-,-
Antioquia , Concepción,5206.0,Indeterminado,Menores de Edad (<18 años),-,-,-,-,-,-,-,-
Antioquia , Concepción,5206.0,Indeterminado,Mayores de Edad (>18 años),-,-,-,-,-,-,-,-
Antioquia , Concepción,5206.0,INDETERMINADO,TOTAL,-,-,-,-,-,-,-,-
Antioquia , Concepción,5206.0,TOTAL,,-,-,-,1,-,-,1,2
Antioquia , Concordia,5209.0,Hombre,Menores de Edad (<18 años),-,-,-,1,-,-,-,1
Antioquia , Concordia,5209.0,Hombre,Mayores de Edad (>18 años),-,-,-,8,-,-,1,9
Antioquia , Concordia,5209.0,HOMBRE,TOTAL,-,-,-,9,-,-,1,10
Antioquia , Concordia,5209.0,Mujer,Menores de Edad (<18 años),-,-,-,-,-,-,-,-
Antioquia , Concordia,5209.0,Mujer,Mayores de Edad (>18 años),-,-,-,-,-,-,-,-
Antioquia , Concordia,5209.0,MUJER,TOTAL,-,-,-,-,-,-,-,-
Antioquia , Concordia,5209.0,Indeterminado,Menores de Edad (<18 años),-,-,-,-,-,-,-,-
Antioquia , Concordia,5209.0,Indeterminado,Mayores de Edad (>18 años),-,-,-,-,-,-,-,-
Antioquia , Concordia,5209.0,INDETERMINADO,TOTAL,-,-,-,-,-,-,-,-
Antioquia , Concordia,5209.0,TOTAL,,-,-,-,9,-,-,1,10
Antioquia , Copacabana,5212.0,Hombre,Menores de Edad (<18 años),-,-,-,-,-,-,-,-
Antioquia , Copacabana,5212.0,Hombre,Mayores de Edad (>18 años),-,-,-,15,-,-,2,17
Antioquia , Copacabana,5212.0,HOMBRE,TOTAL,-,-,-,15,-,-,2,17
Antioquia , Copacabana,5212.0,Mujer,Menores de Edad (<18 años),-,-,-,-,-,-,-,-
Antioquia , Copacabana,5212.0,Mujer,Mayores de Edad (>18 años),-,-,-,2,-,-,-,2
Antioquia , Copacabana,5212.0,MUJER,TOTAL,-,-,-,2,-,-,-,2
Antioquia , Copacabana,5212.0,Indeterminado,Menores de Edad (<18 años),-,-,-,-,-,-,-,-
Antioquia , Copacabana,5212.0,Indeterminado,Mayores de Edad (>18 años),-,-,-,-,-,-,-,-
Antioquia , Copacabana,5212.0,INDETERMINADO,TOTAL,-,-,-,-,-,-,-,-
Antioquia , Copacabana,5212.0,TOTAL,,-,-,-,17,-,-,2,19
Antioquia , Dabeiba,5234.0,Hombre,Menores de Edad (<18 años),-,-,-,-,-,-,-,-
Antioquia , Dabeiba,5234.0,Hombre,Mayores de Edad (>18 años),-,1,2,8,1,1,2,15
Antioquia , Dabeiba,5234.0,HOMBRE,TOTAL,-,1,2,8,1,1,2,15
Antioquia , Dabeiba,5234.0,Mujer,Menores de Edad (<18 años),-,-,-,-,-,-,-,-
Antioquia , Dabeiba,5234.0,Mujer,Mayores de Edad (>18 años),-,-,-,-,-,-,-,-
Antioquia , Dabeiba,5234.0,MUJER,TOTAL,-,-,-,-,-,-,-,-
Antioquia , Dabeiba,5234.0,Indeterminado,Menores de Edad (<18 años),-,-,-,-,-,-,-,-
Antioquia , Dabeiba,5234.0,Indeterminado,Mayores de Edad (>18 años),-,-,-,-,-,-,-,-
Antioquia , Dabeiba,5234.0,INDETERMINADO,TOTAL,-,-,-,-,-,-,-,-
Antioquia , Dabeiba,5234.0,TOTAL,,-,1,2,8,1,1,2,15
Antioquia , Donmatías,5237.0,Hombre,Menores de Edad (<18 años),-,-,-,-,-,-,-,-
Antioquia , Donmatías,5237.0,Hombre,Mayores de Edad (>18 años),-,-,-,2,-,-,-,2
Antioquia , Donmatías,5237.0,HOMBRE,TOTAL,-,-,-,2,-,-,-,2
Antioquia , Donmatías,5237.0,Mujer,Menores de Edad (<18 años),-,-,-,-,-,-,-,-
Antioquia , Donmatías,5237.0,Mujer,Mayores de Edad (>18 años),-,-,-,-,-,-,-,-
Antioquia , Donmatías,5237.0,MUJER,TOTAL,-,-,-,-,-,-,-,-
Antioquia , Donmatías,5237.0,Indeterminado,Menores de Edad (<18 años),-,-,-,-,-,-,-,-
Antioquia , Donmatías,5237.0,Indeterminado,Mayores de Edad (>18 años),-,-,-,-,-,-,-,-
Antioquia , Donmatías,5237.0,INDETERMINADO,TOTAL,-,-,-,-,-,-,-,-
Antioquia , Donmatías,5237.0,TOTAL,,-,-,-,2,-,-,-,2
Antioquia , Ebéjico,5240.0,Hombre,Menores de Edad (<18 años),-,-,-,-,-,-,-,-
Antioquia , Ebéjico,5240.0,Hombre,Mayores de Edad (>18 años),-,1,-,2,-,-,2,5
Antioquia , Ebéjico,5240.0,HOMBRE,TOTAL,-,1,-,2,-,-,2,5
Antioquia , Ebéjico,5240.0,Mujer,Menores de Edad (<18 años),-,-,-,-,-,-,-,-
Antioquia , Ebéjico,5240.0,Mujer,Mayores de Edad (>18 años),-,-,-,1,-,-,-,1
Antioquia , Ebéjico,5240.0,MUJER,TOTAL,-,-,-,1,-,-,-,1
Antioquia , Ebéjico,5240.0,Indeterminado,Menores de Edad (<18 años),-,-,-,-,-,-,-,-
Antioquia , Ebéjico,5240.0,Indeterminado,Mayores de Edad (>18 años),-,-,-,-,-,-,-,-
Antioquia , Ebéjico,5240.0,INDETERMINADO,TOTAL,-,-,-,-,-,-,-,-
Antioquia , Ebéjico,5240.0,TOTAL,,-,1,-,3,-,-,2,6
Antioquia , El Bagre,5250.0,Hombre,Menores de Edad (<18 años),-,-,-,1,-,-,-,1
Antioquia , El Bagre,5250.0,Hombre,Mayores de Edad (>18 años),-,-,-,10,-,-,3,13
Antioquia , El Bagre,5250.0,HOMBRE,TOTAL,-,-,-,11,-,-,3,14
Antioquia , El Bagre,5250.0,Mujer,Menores de Edad (<18 años),-,-,-,-,-,-,-,-
Antioquia , El Bagre,5250.0,Mujer,Mayores de Edad (>18 años),-,-,-,1,-,-,-,1
Antioquia , El Bagre,5250.0,MUJER,TOTAL,-,-,-,1,-,-,-,1
Antioquia , El Bagre,5250.0,Indeterminado,Menores de Edad (<18 años),-,-,-,-,-,-,-,-
Antioquia , El Bagre,5250.0,Indeterminado,Mayores de Edad (>18 años),-,-,-,-,-,-,-,-
Antioquia , El Bagre,5250.0,INDETERMINADO,TOTAL,-,-,-,-,-,-,-,-
Antioquia , El Bagre,5250.0,TOTAL,,-,-,-,12,-,-,3,15
Antioquia , El Carmen de Viboral,5148.0,Hombre,Menores de Edad (<18 años),-,-,-,-,-,-,-,-
Antioquia , El Carmen de Viboral,5148.0,Hombre,Mayores de Edad (>18 años),-,2,-,14,-,-,5,21
Antioquia , El Carmen de Viboral,5148.0,HOMBRE,TOTAL,-,2,-,14,-,-,5,21
Antioquia , El Carmen de Viboral,5148.0,Mujer,Menores de Edad (<18 años),-,-,-,-,-,-,-,-
Antioquia , El Carmen de Viboral,5148.0,Mujer,Mayores de Edad (>18 años),-,-,-,-,-,-,1,1
Antioquia , El Carmen de Viboral,5148.0,MUJER,TOTAL,-,-,-,-,-,-,1,1
Antioquia , El Carmen de Viboral,5148.0,Indeterminado,Menores de Edad (<18 años),-,-,-,-,-,-,-,-
Antioquia , El Carmen de Viboral,5148.0,Indeterminado,Mayores de Edad (>18 años),-,-,-,-,-,-,-,-
Antioquia , El Carmen de Viboral,5148.0,INDETERMINADO,TOTAL,-,-,-,-,-,-,-,-
Antioquia , El Carmen de Viboral,5148.0,TOTAL,,-,2,-,14,-,-,6,22
Antioquia , El Santuario,5697.0,Hombre,Menores de Edad (<18 años),-,-,-,-,-,-,-,-
Antioquia , El Santuario,5697.0,Hombre,Mayores de Edad (>18 años),-,1,-,5,-,-,-,6
Antioquia , El Santuario,5697.0,HOMBRE,TOTAL,-,1,-,5,-,-,-,6
Antioquia , El Santuario,5697.0,Mujer,Menores de Edad (<18 años),-,-,-,-,-,-,-,-
Antioquia , El Santuario,5697.0,Mujer,Mayores de Edad (>18 años),-,-,-,-,-,-,-,-
Antioquia , El Santuario,5697.0,MUJER,TOTAL,-,-,-,-,-,-,-,-
Antioquia , El Santuario,5697.0,Indeterminado,Menores de Edad (<18 años),-,-,-,-,-,-,-,-
Antioquia , El Santuario,5697.0,Indeterminado,Mayores de Edad (>18 años),-,-,-,-,-,-,-,-
Antioquia , El Santuario,5697.0,INDETERMINADO,TOTAL,-,-,-,-,-,-,-,-
Antioquia , El Santuario,5697.0,TOTAL,,-,1,-,5,-,-,-,6
Antioquia , Envigado,5266.0,Hombre,Menores de Edad (<18 años),-,-,-,-,-,-,-,-
Antioquia , Envigado,5266.0,Hombre,Mayores de Edad (>18 años),-,-,-,5,-,-,-,5
Antioquia , Envigado,5266.0,HOMBRE,TOTAL,-,-,-,5,-,-,-,5
Antioquia , Envigado,5266.0,Mujer,Menores de Edad (<18 años),-,-,-,-,-,-,-,-
Antioquia , Envigado,5266.0,Mujer,Mayores de Edad (>18 años),-,-,-,2,-,-,-,2
Antioquia , Envigado,5266.0,MUJER,TOTAL,-,-,-,2,-,-,-,2
Antioquia , Envigado,5266.0,Indeterminado,Menores de Edad (<18 años),-,-,-,-,-,-,-,-
Antioquia , Envigado,5266.0,Indeterminado,Mayores de Edad (>18 años),-,-,-,-,-,-,-,-
Antioquia , Envigado,5266.0,INDETERMINADO,TOTAL,-,-,-,-,-,-,-,-
Antioquia , Envigado,5266.0,TOTAL,,-,-,-,7,-,-,-,7
Antioquia , Fredonia,5282.0,Hombre,Menores de Edad (<18 años),-,-,-,1,-,-,-,1
Antioquia , Fredonia,5282.0,Hombre,Mayores de Edad (>18 años),-,-,-,4,1,-,-,5
Antioquia , Fredonia,5282.0,HOMBRE,TOTAL,-,-,-,5,1,-,-,6
Antioquia , Fredonia,5282.0,Mujer,Menores de Edad (<18 años),-,-,-,-,-,-,-,-
Antioquia , Fredonia,5282.0,Mujer,Mayores de Edad (>18 años),-,-,-,1,-,-,-,1
Antioquia , Fredonia,5282.0,MUJER,TOTAL,-,-,-,1,-,-,-,1
Antioquia , Fredonia,5282.0,Indeterminado,Menores de Edad (<18 años),-,-,-,-,-,-,-,-
Antioquia , Fredonia,5282.0,Indeterminado,Mayores de Edad (>18 años),-,-,-,-,-,-,-,-
Antioquia , Fredonia,5282.0,INDETERMINADO,TOTAL,-,-,-,-,-,-,-,-
Antioquia , Fredonia,5282.0,TOTAL,,-,-,-,6,1,-,-,7
Antioquia , Frontino,5284.0,Hombre,Menores de Edad (<18 años),-,-,-,-,-,-,-,-
Antioquia , Frontino,5284.0,Hombre,Mayores de Edad (>18 años),-,-,1,3,-,-,2,6
Antioquia , Frontino,5284.0,HOMBRE,TOTAL,-,-,1,3,-,-,2,6
Antioquia , Frontino,5284.0,Mujer,Menores de Edad (<18 años),-,-,1,-,-,-,-,1
Antioquia , Frontino,5284.0,Mujer,Mayores de Edad (>18 años),-,-,-,-,-,-,-,-
Antioquia , Frontino,5284.0,MUJER,TOTAL,-,-,1,-,-,-,-,1
Antioquia , Frontino,5284.0,Indeterminado,Menores de Edad (<18 años),-,-,-,-,-,-,-,-
Antioquia , Frontino,5284.0,Indeterminado,Mayores de Edad (>18 años),-,-,-,-,-,-,-,-
Antioquia , Frontino,5284.0,INDETERMINADO,TOTAL,-,-,-,-,-,-,-,-
Antioquia , Frontino,5284.0,TOTAL,,-,-,2,3,-,-,2,7
Antioquia , Giraldo,5306.0,Hombre,Menores de Edad (<18 años),-,-,-,-,-,-,-,-
Antioquia , Giraldo,5306.0,Hombre,Mayores de Edad (>18 años),-,-,-,1,-,-,-,1
Antioquia , Giraldo,5306.0,HOMBRE,TOTAL,-,-,-,1,-,-,-,1
Antioquia , Giraldo,5306.0,Mujer,Menores de Edad (<18 años),-,-,-,-,-,-,-,-
Antioquia , Giraldo,5306.0,Mujer,Mayores de Edad (>18 años),-,-,-,-,-,-,-,-
Antioquia , Giraldo,5306.0,MUJER,TOTAL,-,-,-,-,-,-,-,-
Antioquia , Giraldo,5306.0,Indeterminado,Menores de Edad (<18 años),-,-,-,-,-,-,-,-
Antioquia , Giraldo,5306.0,Indeterminado,Mayores de Edad (>18 años),-,-,-,-,-,-,-,-
Antioquia , Giraldo,5306.0,INDETERMINADO,TOTAL,-,-,-,-,-,-,-,-
Antioquia , Giraldo,5306.0,TOTAL,,-,-,-,1,-,-,-,1
Antioquia , Girardota,5308.0,Hombre,Menores de Edad (<18 años),-,-,-,-,-,-,-,-
Antioquia , Girardota,5308.0,Hombre,Mayores de Edad (>18 años),-,2,-,9,-,-,1,12
Antioquia , Girardota,5308.0,HOMBRE,TOTAL,-,2,-,9,-,-,1,12
Antioquia , Girardota,5308.0,Mujer,Menores de Edad (<18 años),-,-,-,-,-,-,-,-
Antioquia , Girardota,5308.0,Mujer,Mayores de Edad (>18 años),-,-,-,-,-,-,-,-
Antioquia , Girardota,5308.0,MUJER,TOTAL,-,-,-,-,-,-,-,-
Antioquia , Girardota,5308.0,Indeterminado,Menores de Edad (<18 años),-,-,-,-,-,-,-,-
Antioquia , Girardota,5308.0,Indeterminado,Mayores de Edad (>18 años),-,-,-,-,-,-,-,-
Antioquia , Girardota,5308.0,INDETERMINADO,TOTAL,-,-,-,-,-,-,-,-
Antioquia , Girardota,5308.0,TOTAL,,-,2,-,9,-,-,1,12
Antioquia , Gómez Plata,5310.0,Hombre,Menores de Edad (<18 años),-,-,-,-,-,-,-,-
Antioquia , Gómez Plata,5310.0,Hombre,Mayores de Edad (>18 años),-,-,-,2,-,-,1,3
Antioquia , Gómez Plata,5310.0,HOMBRE,TOTAL,-,-,-,2,-,-,1,3
Antioquia , Gómez Plata,5310.0,Mujer,Menores de Edad (<18 años),-,-,-,-,-,-,-,-
Antioquia , Gómez Plata,5310.0,Mujer,Mayores de Edad (>18 años),-,-,-,-,-,-,-,-
Antioquia , Gómez Plata,5310.0,MUJER,TOTAL,-,-,-,-,-,-,-,-
Antioquia , Gómez Plata,5310.0,Indeterminado,Menores de Edad (<18 años),-,-,-,-,-,-,-,-
Antioquia , Gómez Plata,5310.0,Indeterminado,Mayores de Edad (>18 años),-,-,-,-,-,-,-,-
Antioquia , Gómez Plata,5310.0,INDETERMINADO,TOTAL,-,-,-,-,-,-,-,-
Antioquia , Gómez Plata,5310.0,TOTAL,,-,-,-,2,-,-,1,3
Antioquia , Guadalupe,5315.0,Hombre,Menores de Edad (<18 años),-,-,-,-,-,-,-,-
Antioquia , Guadalupe,5315.0,Hombre,Mayores de Edad (>18 años),-,-,-,1,-,-,-,1
Antioquia , Guadalupe,5315.0,HOMBRE,TOTAL,-,-,-,1,-,-,-,1
Antioquia , Guadalupe,5315.0,Mujer,Menores de Edad (<18 años),-,-,-,-,-,-,-,-
Antioquia , Guadalupe,5315.0,Mujer,Mayores de Edad (>18 años),-,-,-,-,-,-,-,-
Antioquia , Guadalupe,5315.0,MUJER,TOTAL,-,-,-,-,-,-,-,-
Antioquia , Guadalupe,5315.0,Indeterminado,Menores de Edad (<18 años),-,-,-,-,-,-,-,-
Antioquia , Guadalupe,5315.0,Indeterminado,Mayores de Edad (>18 años),-,-,-,-,-,-,-,-
Antioquia , Guadalupe,5315.0,INDETERMINADO,TOTAL,-,-,-,-,-,-,-,-
Antioquia , Guadalupe,5315.0,TOTAL,,-,-,-,1,-,-,-,1
Antioquia , Guarne,5318.0,Hombre,Menores de Edad (<18 años),-,-,-,-,-,-,-,-
Antioquia , Guarne,5318.0,Hombre,Mayores de Edad (>18 años),-,-,-,7,-,-,2,9
Antioquia , Guarne,5318.0,HOMBRE,TOTAL,-,-,-,7,-,-,2,9
Antioquia , Guarne,5318.0,Mujer,Menores de Edad (<18 años),-,-,-,-,-,-,-,-
Antioquia , Guarne,5318.0,Mujer,Mayores de Edad (>18 años),-,-,-,-,-,-,-,-
Antioquia , Guarne,5318.0,MUJER,TOTAL,-,-,-,-,-,-,-,-
Antioquia , Guarne,5318.0,Indeterminado,Menores de Edad (<18 años),-,-,-,-,-,-,-,-
Antioquia , Guarne,5318.0,Indeterminado,Mayores de Edad (>18 años),-,-,-,-,-,-,-,-
Antioquia , Guarne,5318.0,INDETERMINADO,TOTAL,-,-,-,-,-,-,-,-
Antioquia , Guarne,5318.0,TOTAL,,-,-,-,7,-,-,2,9
Antioquia , Guatapé,5321.0,Hombre,Menores de Edad (<18 años),-,-,-,-,-,-,-,-
Antioquia , Guatapé,5321.0,Hombre,Mayores de Edad (>18 años),-,-,-,3,-,-,-,3
Antioquia , Guatapé,5321.0,HOMBRE,TOTAL,-,-,-,3,-,-,-,3
Antioquia , Guatapé,5321.0,Mujer,Menores de Edad (<18 años),-,-,-,-,-,-,-,-
Antioquia , Guatapé,5321.0,Mujer,Mayores de Edad (>18 años),-,-,-,-,-,-,-,-
Antioquia , Guatapé,5321.0,MUJER,TOTAL,-,-,-,-,-,-,-,-
Antioquia , Guatapé,5321.0,Indeterminado,Menores de Edad (<18 años),-,-,-,-,-,-,-,-
Antioquia , Guatapé,5321.0,Indeterminado,Mayores de Edad (>18 años),-,-,-,-,-,-,-,-
Antioquia , Guatapé,5321.0,INDETERMINADO,TOTAL,-,-,-,-,-,-,-,-
Antioquia , Guatapé,5321.0,TOTAL,,-,-,-,3,-,-,-,3
Antioquia , Heliconia,5347.0,Hombre,Menores de Edad (<18 años),-,-,-,-,-,-,-,-
Antioquia , Heliconia,5347.0,Hombre,Mayores de Edad (>18 años),-,-,-,4,-,-,1,5
Antioquia , Heliconia,5347.0,HOMBRE,TOTAL,-,-,-,4,-,-,1,5
Antioquia , Heliconia,5347.0,Mujer,Menores de Edad (<18 años),-,-,-,-,-,-,-,-
Antioquia , Heliconia,5347.0,Mujer,Mayores de Edad (>18 años),-,-,-,-,-,-,-,-
Antioquia , Heliconia,5347.0,MUJER,TOTAL,-,-,-,-,-,-,-,-
Antioquia , Heliconia,5347.0,Indeterminado,Menores de Edad (<18 años),-,-,-,-,-,-,-,-
Antioquia , Heliconia,5347.0,Indeterminado,Mayores de Edad (>18 años),-,-,-,-,-,-,-,-
Antioquia , Heliconia,5347.0,INDETERMINADO,TOTAL,-,-,-,-,-,-,-,-
Antioquia , Heliconia,5347.0,TOTAL,,-,-,-,4,-,-,1,5
Antioquia , Hispania,5353.0,Hombre,Menores de Edad (<18 años),-,-,-,-,-,-,-,-
Antioquia , Hispania,5353.0,Hombre,Mayores de Edad (>18 años),-,-,-,3,-,-,1,4
Antioquia , Hispania,5353.0,HOMBRE,TOTAL,-,-,-,3,-,-,1,4
Antioquia , Hispania,5353.0,Mujer,Menores de Edad (<18 años),-,-,-,-,-,-,-,-
Antioquia , Hispania,5353.0,Mujer,Mayores de Edad (>18 años),-,-,-,-,-,-,-,-
Antioquia , Hispania,5353.0,MUJER,TOTAL,-,-,-,-,-,-,-,-
Antioquia , Hispania,5353.0,Indeterminado,Menores de Edad (<18 años),-,-,-,-,-,-,-,-
Antioquia , Hispania,5353.0,Indeterminado,Mayores de Edad (>18 años),-,-,-,-,-,-,-,-
Antioquia , Hispania,5353.0,INDETERMINADO,TOTAL,-,-,-,-,-,-,-,-
Antioquia , Hispania,5353.0,TOTAL,,-,-,-,3,-,-,1,4
Antioquia , Itagüí,5360.0,Hombre,Menores de Edad (<18 años),-,-,-,3,-,-,-,3
Antioquia , Itagüí,5360.0,Hombre,Mayores de Edad (>18 años),-,4,-,31,1,-,4,40
Antioquia , Itagüí,5360.0,HOMBRE,TOTAL,-,4,-,34,1,-,4,43
Antioquia , Itagüí,5360.0,Mujer,Menores de Edad (<18 años),-,-,-,-,-,-,-,-
Antioquia , Itagüí,5360.0,Mujer,Mayores de Edad (>18 años),-,-,-,1,-,1,-,2
Antioquia , Itagüí,5360.0,MUJER,TOTAL,-,-,-,1,-,1,-,2
Antioquia , Itagüí,5360.0,Indeterminado,Menores de Edad (<18 años),-,-,-,-,-,-,-,-
Antioquia , Itagüí,5360.0,Indeterminado,Mayores de Edad (>18 años),-,-,-,-,-,-,-,-
Antioquia , Itagüí,5360.0,INDETERMINADO,TOTAL,-,-,-,-,-,-,-,-
Antioquia , Itagüí,5360.0,TOTAL,,-,4,-,35,1,1,4,45
Antioquia , Ituango,5361.0,Hombre,Menores de Edad (<18 años),-,-,-,3,-,-,-,3
Antioquia , Ituango,5361.0,Hombre,Mayores de Edad (>18 años),-,2,1,32,-,-,8,43
Antioquia , Ituango,5361.0,HOMBRE,TOTAL,-,2,1,35,-,-,8,46
Antioquia , Ituango,5361.0,Mujer,Menores de Edad (<18 años),-,-,-,-,-,-,-,-
Antioquia , Ituango,5361.0,Mujer,Mayores de Edad (>18 años),-,-,-,3,-,-,-,3
Antioquia , Ituango,5361.0,MUJER,TOTAL,-,-,-,3,-,-,-,3
Antioquia , Ituango,5361.0,Indeterminado,Menores de Edad (<18 años),-,-,-,-,-,-,-,-
Antioquia , Ituango,5361.0,Indeterminado,Mayores de Edad (>18 años),-,-,-,-,-,-,-,-
Antioquia , Ituango,5361.0,INDETERMINADO,TOTAL,-,-,-,-,-,-,-,-
Antioquia , Ituango,5361.0,TOTAL,,-,2,1,38,-,-,8,49
Antioquia , Jardín,5364.0,Hombre,Menores de Edad (<18 años),-,-,-,-,-,-,-,-
Antioquia , Jardín,5364.0,Hombre,Mayores de Edad (>18 años),-,-,-,2,-,-,3,5
Antioquia , Jardín,5364.0,HOMBRE,TOTAL,-,-,-,2,-,-,3,5
Antioquia , Jardín,5364.0,Mujer,Menores de Edad (<18 años),-,-,-,-,-,-,-,-
Antioquia , Jardín,5364.0,Mujer,Mayores de Edad (>18 años),-,-,-,1,-,-,-,1
Antioquia , Jardín,5364.0,MUJER,TOTAL,-,-,-,1,-,-,-,1
Antioquia , Jardín,5364.0,Indeterminado,Menores de Edad (<18 años),-,-,-,-,-,-,-,-
Antioquia , Jardín,5364.0,Indeterminado,Mayores de Edad (>18 años),-,-,-,-,-,-,-,-
Antioquia , Jardín,5364.0,INDETERMINADO,TOTAL,-,-,-,-,-,-,-,-
Antioquia , Jardín,5364.0,TOTAL,,-,-,-,3,-,-,3,6
Antioquia , Jericó,5368.0,Hombre,Menores de Edad (<18 años),-,-,-,-,-,-,-,-
Antioquia , Jericó,5368.0,Hombre,Mayores de Edad (>18 años),-,-,-,4,-,-,-,4
Antioquia , Jericó,5368.0,HOMBRE,TOTAL,-,-,-,4,-,-,-,4
Antioquia , Jericó,5368.0,Mujer,Menores de Edad (<18 años),-,-,-,-,-,-,-,-
Antioquia , Jericó,5368.0,Mujer,Mayores de Edad (>18 años),-,-,-,1,-,-,-,1
Antioquia , Jericó,5368.0,MUJER,TOTAL,-,-,-,1,-,-,-,1
Antioquia , Jericó,5368.0,Indeterminado,Menores de Edad (<18 años),-,-,-,-,-,-,-,-
Antioquia , Jericó,5368.0,Indeterminado,Mayores de Edad (>18 años),-,-,-,-,-,-,-,-
Antioquia , Jericó,5368.0,INDETERMINADO,TOTAL,-,-,-,-,-,-,-,-
Antioquia , Jericó,5368.0,TOTAL,,-,-,-,5,-,-,-,5
Antioquia , La Ceja,5376.0,Hombre,Menores de Edad (<18 años),-,-,-,1,-,-,-,1
Antioquia , La Ceja,5376.0,Hombre,Mayores de Edad (>18 años),-,-,-,3,-,-,-,3
Antioquia , La Ceja,5376.0,HOMBRE,TOTAL,-,-,-,4,-,-,-,4
Antioquia , La Ceja,5376.0,Mujer,Menores de Edad (<18 años),-,-,-,-,-,-,-,-
Antioquia , La Ceja,5376.0,Mujer,Mayores de Edad (>18 años),-,-,-,-,-,-,-,-
Antioquia , La Ceja,5376.0,MUJER,TOTAL,-,-,-,-,-,-,-,-
Antioquia , La Ceja,5376.0,Indeterminado,Menores de Edad (<18 años),-,-,-,-,-,-,-,-
Antioquia , La Ceja,5376.0,Indeterminado,Mayores de Edad (>18 años),-,-,-,-,-,-,-,-
Antioquia , La Ceja,5376.0,INDETERMINADO,TOTAL,-,-,-,-,-,-,-,-
Antioquia , La Ceja,5376.0,TOTAL,,-,-,-,4,-,-,-,4
Antioquia , La Estrella,5380.0,Hombre,Menores de Edad (<18 años),-,-,-,-,-,-,-,-
Antioquia , La Estrella,5380.0,Hombre,Mayores de Edad (>18 años),-,2,-,8,-,-,-,10
Antioquia , La Estrella,5380.0,HOMBRE,TOTAL,-,2,-,8,-,-,-,10
Antioquia , La Estrella,5380.0,Mujer,Menores de Edad (<18 años),-,-,-,1,-,-,-,1
Antioquia , La Estrella,5380.0,Mujer,Mayores de Edad (>18 años),-,-,-,1,-,-,-,1
Antioquia , La Estrella,5380.0,MUJER,TOTAL,-,-,-,2,-,-,-,2
Antioquia , La Estrella,5380.0,Indeterminado,Menores de Edad (<18 años),-,-,-,-,-,-,-,-
Antioquia , La Estrella,5380.0,Indeterminado,Mayores de Edad (>18 años),-,-,-,-,-,-,-,-
Antioquia , La Estrella,5380.0,INDETERMINADO,TOTAL,-,-,-,-,-,-,-,-
Antioquia , La Estrella,5380.0,TOTAL,,-,2,-,10,-,-,-,12
Antioquia , La Pintada,5390.0,Hombre,Menores de Edad (<18 años),-,-,-,-,-,-,-,-
Antioquia , La Pintada,5390.0,Hombre,Mayores de Edad (>18 años),-,-,-,2,-,-,2,4
Antioquia , La Pintada,5390.0,HOMBRE,TOTAL,-,-,-,2,-,-,2,4
Antioquia , La Pintada,5390.0,Mujer,Menores de Edad (<18 años),-,-,-,-,-,-,-,-
Antioquia , La Pintada,5390.0,Mujer,Mayores de Edad (>18 años),-,-,-,-,-,-,-,-
Antioquia , La Pintada,5390.0,MUJER,TOTAL,-,-,-,-,-,-,-,-
Antioquia , La Pintada,5390.0,Indeterminado,Menores de Edad (<18 años),-,-,-,-,-,-,-,-
Antioquia , La Pintada,5390.0,Indeterminado,Mayores de Edad (>18 años),-,-,-,-,-,-,-,-
Antioquia , La Pintada,5390.0,INDETERMINADO,TOTAL,-,-,-,-,-,-,-,-
Antioquia , La Pintada,5390.0,TOTAL,,-,-,-,2,-,-,2,4
Antioquia , La Unión,5400.0,Hombre,Menores de Edad (<18 años),-,-,-,-,-,-,-,-
Antioquia , La Unión,5400.0,Hombre,Mayores de Edad (>18 años),-,-,-,1,-,-,-,1
Antioquia , La Unión,5400.0,HOMBRE,TOTAL,-,-,-,1,-,-,-,1
Antioquia , La Unión,5400.0,Mujer,Menores de Edad (<18 años),-,-,-,-,-,-,-,-
Antioquia , La Unión,5400.0,Mujer,Mayores de Edad (>18 años),-,-,-,-,-,-,-,-
Antioquia , La Unión,5400.0,MUJER,TOTAL,-,-,-,-,-,-,-,-
Antioquia , La Unión,5400.0,Indeterminado,Menores de Edad (<18 años),-,-,-,-,-,-,-,-
Antioquia , La Unión,5400.0,Indeterminado,Mayores de Edad (>18 años),-,-,-,-,-,-,-,-
Antioquia , La Unión,5400.0,INDETERMINADO,TOTAL,-,-,-,-,-,-,-,-
Antioquia , La Unión,5400.0,TOTAL,,-,-,-,1,-,-,-,1
Antioquia , Liborina,5411.0,Hombre,Menores de Edad (<18 años),-,-,-,1,-,-,-,1
Antioquia , Liborina,5411.0,Hombre,Mayores de Edad (>18 años),-,-,-,1,-,-,-,1
Antioquia , Liborina,5411.0,HOMBRE,TOTAL,-,-,-,2,-,-,-,2
Antioquia , Liborina,5411.0,Mujer,Menores de Edad (<18 años),-,-,-,-,-,-,-,-
Antioquia , Liborina,5411.0,Mujer,Mayores de Edad (>18 años),-,-,-,-,-,-,-,-
Antioquia , Liborina,5411.0,MUJER,TOTAL,-,-,-,-,-,-,-,-
Antioquia , Liborina,5411.0,Indeterminado,Menores de Edad (<18 años),-,-,-,-,-,-,-,-
Antioquia , Liborina,5411.0,Indeterminado,Mayores de Edad (>18 años),-,-,-,-,-,-,-,-
Antioquia , Liborina,5411.0,INDETERMINADO,TOTAL,-,-,-,-,-,-,-,-
Antioquia , Liborina,5411.0,TOTAL,,-,-,-,2,-,-,-,2
Antioquia , Maceo,5425.0,Hombre,Menores de Edad (<18 años),-,-,-,-,-,-,-,-
Antioquia , Maceo,5425.0,Hombre,Mayores de Edad (>18 años),-,-,-,1,-,2,-,3
Antioquia , Maceo,5425.0,HOMBRE,TOTAL,-,-,-,1,-,2,-,3
Antioquia , Maceo,5425.0,Mujer,Menores de Edad (<18 años),-,-,-,-,-,-,-,-
Antioquia , Maceo,5425.0,Mujer,Mayores de Edad (>18 años),-,-,-,1,-,-,-,1
Antioquia , Maceo,5425.0,MUJER,TOTAL,-,-,-,1,-,-,-,1
Antioquia , Maceo,5425.0,Indeterminado,Menores de Edad (<18 años),-,-,-,-,-,-,-,-
Antioquia , Maceo,5425.0,Indeterminado,Mayores de Edad (>18 años),-,-,-,-,-,-,-,-
Antioquia , Maceo,5425.0,INDETERMINADO,TOTAL,-,-,-,-,-,-,-,-
Antioquia , Maceo,5425.0,TOTAL,,-,-,-,2,-,2,-,4
Antioquia , Marinilla,5440.0,Hombre,Menores de Edad (<18 años),-,-,-,-,-,-,-,-
Antioquia , Marinilla,5440.0,Hombre,Mayores de Edad (>18 años),-,-,-,7,-,-,-,7
Antioquia , Marinilla,5440.0,HOMBRE,TOTAL,-,-,-,7,-,-,-,7
Antioquia , Marinilla,5440.0,Mujer,Menores de Edad (<18 años),-,-,-,-,-,-,-,-
Antioquia , Marinilla,5440.0,Mujer,Mayores de Edad (>18 años),-,-,-,-,-,-,-,-
Antioquia , Marinilla,5440.0,MUJER,TOTAL,-,-,-,-,-,-,-,-
Antioquia , Marinilla,5440.0,Indeterminado,Menores de Edad (<18 años),-,-,-,-,-,-,-,-
Antioquia , Marinilla,5440.0,Indeterminado,Mayores de Edad (>18 años),-,-,-,-,-,-,-,-
Antioquia , Marinilla,5440.0,INDETERMINADO,TOTAL,-,-,-,-,-,-,-,-
Antioquia , Marinilla,5440.0,TOTAL,,-,-,-,7,-,-,-,7
Antioquia , Medellín,5001.0,Hombre,Menores de Edad (<18 años),-,3,-,12,1,3,2,21
Antioquia , Medellín,5001.0,Hombre,Mayores de Edad (>18 años),-,31,-,238,7,19,20,315
Antioquia , Medellín,5001.0,HOMBRE,TOTAL,-,34,-,250,8,22,22,336
Antioquia , Medellín,5001.0,Mujer,Menores de Edad (<18 años),-,-,-,1,-,-,-,1
Antioquia , Medellín,5001.0,Mujer,Mayores de Edad (>18 años),-,1,-,24,1,3,1,30
Antioquia , Medellín,5001.0,MUJER,TOTAL,-,1,-,25,1,3,1,31
Antioquia , Medellín,5001.0,Indeterminado,Menores de Edad (<18 años),-,-,-,-,-,-,-,-
Antioquia , Medellín,5001.0,Indeterminado,Mayores de Edad (>18 años),-,1,-,-,-,-,-,1
Antioquia , Medellín,5001.0,INDETERMINADO,TOTAL,-,1,-,-,-,-,-,1
Antioquia , Medellín,5001.0,TOTAL,,-,36,-,275,9,25,23,368
Antioquia , Murindó,5475.0,Hombre,Menores de Edad (<18 años),-,-,-,-,-,-,-,-
Antioquia , Murindó,5475.0,Hombre,Mayores de Edad (>18 años),-,-,-,2,-,-,1,3
Antioquia , Murindó,5475.0,HOMBRE,TOTAL,-,-,-,2,-,-,1,3
Antioquia , Murindó,5475.0,Mujer,Menores de Edad (<18 años),-,-,-,-,-,-,-,-
Antioquia , Murindó,5475.0,Mujer,Mayores de Edad (>18 años),-,-,-,-,-,-,-,-
Antioquia , Murindó,5475.0,MUJER,TOTAL,-,-,-,-,-,-,-,-
Antioquia , Murindó,5475.0,Indeterminado,Menores de Edad (<18 años),-,-,-,-,-,-,-,-
Antioquia , Murindó,5475.0,Indeterminado,Mayores de Edad (>18 años),-,-,-,-,-,-,-,-
Antioquia , Murindó,5475.0,INDETERMINADO,TOTAL,-,-,-,-,-,-,-,-
Antioquia , Murindó,5475.0,TOTAL,,-,-,-,2,-,-,1,3
Antioquia , Mutatá,5480.0,Hombre,Menores de Edad (<18 años),-,-,-,-,-,-,-,-
Antioquia , Mutatá,5480.0,Hombre,Mayores de Edad (>18 años),-,-,-,3,-,-,4,7
Antioquia , Mutatá,5480.0,HOMBRE,TOTAL,-,-,-,3,-,-,4,7
Antioquia , Mutatá,5480.0,Mujer,Menores de Edad (<18 años),-,-,-,-,-,-,-,-
Antioquia , Mutatá,5480.0,Mujer,Mayores de Edad (>18 años),-,-,-,1,-,-,-,1
Antioquia , Mutatá,5480.0,MUJER,TOTAL,-,-,-,1,-,-,-,1
Antioquia , Mutatá,5480.0,Indeterminado,Menores de Edad (<18 años),-,-,-,-,-,-,-,-
Antioquia , Mutatá,5480.0,Indeterminado,Mayores de Edad (>18 años),-,-,-,-,-,-,-,-
Antioquia , Mutatá,5480.0,INDETERMINADO,TOTAL,-,-,-,-,-,-,-,-
Antioquia , Mutatá,5480.0,TOTAL,,-,-,-,4,-,-,4,8
Antioquia , Nariño,5483.0,Hombre,Menores de Edad (<18 años),-,-,-,-,-,-,-,-
Antioquia , Nariño,5483.0,Hombre,Mayores de Edad (>18 años),-,-,-,1,-,-,-,1
Antioquia , Nariño,5483.0,HOMBRE,TOTAL,-,-,-,1,-,-,-,1
Antioquia , Nariño,5483.0,Mujer,Menores de Edad (<18 años),-,-,-,-,-,-,-,-
Antioquia , Nariño,5483.0,Mujer,Mayores de Edad (>18 años),-,-,-,-,-,-,-,-
Antioquia , Nariño,5483.0,MUJER,TOTAL,-,-,-,-,-,-,-,-
Antioquia , Nariño,5483.0,Indeterminado,Menores de Edad (<18 años),-,-,-,-,-,-,-,-
Antioquia , Nariño,5483.0,Indeterminado,Mayores de Edad (>18 años),-,-,-,-,-,-,-,-
Antioquia , Nariño,5483.0,INDETERMINADO,TOTAL,-,-,-,-,-,-,-,-
Antioquia , Nariño,5483.0,TOTAL,,-,-,-,1,-,-,-,1
Antioquia , Nechí,5495.0,Hombre,Menores de Edad (<18 años),-,-,-,-,-,-,-,-
Antioquia , Nechí,5495.0,Hombre,Mayores de Edad (>18 años),-,-,-,7,-,-,1,8
Antioquia , Nechí,5495.0,HOMBRE,TOTAL,-,-,-,7,-,-,1,8
Antioquia , Nechí,5495.0,Mujer,Menores de Edad (<18 años),-,-,-,-,-,-,-,-
Antioquia , Nechí,5495.0,Mujer,Mayores de Edad (>18 años),-,-,-,1,-,1,-,2
Antioquia , Nechí,5495.0,MUJER,TOTAL,-,-,-,1,-,1,-,2
Antioquia , Nechí,5495.0,Indeterminado,Menores de Edad (<18 años),-,-,-,-,-,-,-,-
Antioquia , Nechí,5495.0,Indeterminado,Mayores de Edad (>18 años),-,-,-,-,-,-,-,-
Antioquia , Nechí,5495.0,INDETERMINADO,TOTAL,-,-,-,-,-,-,-,-
Antioquia , Nechí,5495.0,TOTAL,,-,-,-,8,-,1,1,10
Antioquia , Necoclí,5490.0,Hombre,Menores de Edad (<18 años),-,-,-,-,-,-,-,-
Antioquia , Necoclí,5490.0,Hombre,Mayores de Edad (>18 años),-,-,-,2,-,-,2,4
Antioquia , Necoclí,5490.0,HOMBRE,TOTAL,-,-,-,2,-,-,2,4
Antioquia , Necoclí,5490.0,Mujer,Menores de Edad (<18 años),-,-,-,-,-,-,-,-
Antioquia , Necoclí,5490.0,Mujer,Mayores de Edad (>18 años),-,-,-,-,-,-,-,-
Antioquia , Necoclí,5490.0,MUJER,TOTAL,-,-,-,-,-,-,-,-
Antioquia , Necoclí,5490.0,Indeterminado,Menores de Edad (<18 años),-,-,-,-,-,-,-,-
Antioquia , Necoclí,5490.0,Indeterminado,Mayores de Edad (>18 años),-,-,-,-,-,-,-,-
Antioquia , Necoclí,5490.0,INDETERMINADO,TOTAL,-,-,-,-,-,-,-,-
Antioquia , Necoclí,5490.0,TOTAL,,-,-,-,2,-,-,2,4
Antioquia , Olaya,5501.0,Hombre,Menores de Edad (<18 años),-,-,-,-,-,-,-,-
Antioquia , Olaya,5501.0,Hombre,Mayores de Edad (>18 años),-,-,-,2,-,-,-,2
Antioquia , Olaya,5501.0,HOMBRE,TOTAL,-,-,-,2,-,-,-,2
Antioquia , Olaya,5501.0,Mujer,Menores de Edad (<18 años),-,-,-,-,-,-,-,-
Antioquia , Olaya,5501.0,Mujer,Mayores de Edad (>18 años),-,-,-,-,-,-,-,-
Antioquia , Olaya,5501.0,MUJER,TOTAL,-,-,-,-,-,-,-,-
Antioquia , Olaya,5501.0,Indeterminado,Menores de Edad (<18 años),-,-,-,-,-,-,-,-
Antioquia , Olaya,5501.0,Indeterminado,Mayores de Edad (>18 años),-,-,-,-,-,-,-,-
Antioquia , Olaya,5501.0,INDETERMINADO,TOTAL,-,-,-,-,-,-,-,-
Antioquia , Olaya,5501.0,TOTAL,,-,-,-,2,-,-,-,2
Antioquia , Peñol,5541.0,Hombre,Menores de Edad (<18 años),-,-,-,-,-,-,-,-
Antioquia , Peñol,5541.0,Hombre,Mayores de Edad (>18 años),-,-,-,4,-,-,3,7
Antioquia , Peñol,5541.0,HOMBRE,TOTAL,-,-,-,4,-,-,3,7
Antioquia , Peñol,5541.0,Mujer,Menores de Edad (<18 años),-,-,-,-,-,-,-,-
Antioquia , Peñol,5541.0,Mujer,Mayores de Edad (>18 años),-,-,-,-,-,-,-,-
Antioquia , Peñol,5541.0,MUJER,TOTAL,-,-,-,-,-,-,-,-
Antioquia , Peñol,5541.0,Indeterminado,Menores de Edad (<18 años),-,-,-,-,-,-,-,-
Antioquia , Peñol,5541.0,Indeterminado,Mayores de Edad (>18 años),-,-,-,-,-,-,-,-
Antioquia , Peñol,5541.0,INDETERMINADO,TOTAL,-,-,-,-,-,-,-,-
Antioquia , Peñol,5541.0,TOTAL,,-,-,-,4,-,-,3,7
Antioquia , Peque,5543.0,Hombre,Menores de Edad (<18 años),-,-,-,-,-,-,-,-
Antioquia , Peque,5543.0,Hombre,Mayores de Edad (>18 años),-,-,-,2,-,-,-,2
Antioquia , Peque,5543.0,HOMBRE,TOTAL,-,-,-,2,-,-,-,2
Antioquia , Peque,5543.0,Mujer,Menores de Edad (<18 años),-,-,-,-,-,-,-,-
Antioquia , Peque,5543.0,Mujer,Mayores de Edad (>18 años),-,-,-,-,-,-,-,-
Antioquia , Peque,5543.0,MUJER,TOTAL,-,-,-,-,-,-,-,-
Antioquia , Peque,5543.0,Indeterminado,Menores de Edad (<18 años),-,-,-,-,-,-,-,-
Antioquia , Peque,5543.0,Indeterminado,Mayores de Edad (>18 años),-,-,-,-,-,-,-,-
Antioquia , Peque,5543.0,INDETERMINADO,TOTAL,-,-,-,-,-,-,-,-
Antioquia , Peque,5543.0,TOTAL,,-,-,-,2,-,-,-,2
Antioquia , Pueblorrico,5576.0,Hombre,Menores de Edad (<18 años),-,-,-,-,-,-,-,-
Antioquia , Pueblorrico,5576.0,Hombre,Mayores de Edad (>18 años),-,-,-,3,-,-,-,3
Antioquia , Pueblorrico,5576.0,HOMBRE,TOTAL,-,-,-,3,-,-,-,3
Antioquia , Pueblorrico,5576.0,Mujer,Menores de Edad (<18 años),-,-,-,-,-,-,-,-
Antioquia , Pueblorrico,5576.0,Mujer,Mayores de Edad (>18 años),-,-,-,-,-,-,-,-
Antioquia , Pueblorrico,5576.0,MUJER,TOTAL,-,-,-,-,-,-,-,-
Antioquia , Pueblorrico,5576.0,Indeterminado,Menores de Edad (<18 años),-,-,-,-,-,-,-,-
Antioquia , Pueblorrico,5576.0,Indeterminado,Mayores de Edad (>18 años),-,-,-,-,-,-,-,-
Antioquia , Pueblorrico,5576.0,INDETERMINADO,TOTAL,-,-,-,-,-,-,-,-
Antioquia , Pueblorrico,5576.0,TOTAL,,-,-,-,3,-,-,-,3
Antioquia , Puerto Berrío,5579.0,Hombre,Menores de Edad (<18 años),-,-,-,4,-,-,-,4
Antioquia , Puerto Berrío,5579.0,Hombre,Mayores de Edad (>18 años),-,-,-,26,-,2,-,28
Antioquia , Puerto Berrío,5579.0,HOMBRE,TOTAL,-,-,-,30,-,2,-,32
Antioquia , Puerto Berrío,5579.0,Mujer,Menores de Edad (<18 años),-,-,-,-,-,-,-,-
Antioquia , Puerto Berrío,5579.0,Mujer,Mayores de Edad (>18 años),-,-,-,-,-,-,-,-
Antioquia , Puerto Berrío,5579.0,MUJER,TOTAL,-,-,-,-,-,-,-,-
Antioquia , Puerto Berrío,5579.0,Indeterminado,Menores de Edad (<18 años),-,-,-,-,-,-,-,-
Antioquia , Puerto Berrío,5579.0,Indeterminado,Mayores de Edad (>18 años),-,-,-,-,-,-,-,-
Antioquia , Puerto Berrío,5579.0,INDETERMINADO,TOTAL,-,-,-,-,-,-,-,-
Antioquia , Puerto Berrío,5579.0,TOTAL,,-,-,-,30,-,2,-,32
Antioquia , Puerto Nare,5585.0,Hombre,Menores de Edad (<18 años),-,-,-,-,-,-,-,-
Antioquia , Puerto Nare,5585.0,Hombre,Mayores de Edad (>18 años),-,-,-,2,-,-,-,2
Antioquia , Puerto Nare,5585.0,HOMBRE,TOTAL,-,-,-,2,-,-,-,2
Antioquia , Puerto Nare,5585.0,Mujer,Menores de Edad (<18 años),-,-,-,-,-,-,-,-
Antioquia , Puerto Nare,5585.0,Mujer,Mayores de Edad (>18 años),-,-,-,-,-,-,-,-
Antioquia , Puerto Nare,5585.0,MUJER,TOTAL,-,-,-,-,-,-,-,-
Antioquia , Puerto Nare,5585.0,Indeterminado,Menores de Edad (<18 años),-,-,-,-,-,-,-,-
Antioquia , Puerto Nare,5585.0,Indeterminado,Mayores de Edad (>18 años),-,-,-,-,-,-,-,-
Antioquia , Puerto Nare,5585.0,INDETERMINADO,TOTAL,-,-,-,-,-,-,-,-
Antioquia , Puerto Nare,5585.0,TOTAL,,-,-,-,2,-,-,-,2
Antioquia , Puerto Triunfo,5591.0,Hombre,Menores de Edad (<18 años),-,-,-,1,-,-,-,1
Antioquia , Puerto Triunfo,5591.0,Hombre,Mayores de Edad (>18 años),-,-,-,2,-,-,6,8
Antioquia , Puerto Triunfo,5591.0,HOMBRE,TOTAL,-,-,-,3,-,-,6,9
Antioquia , Puerto Triunfo,5591.0,Mujer,Menores de Edad (<18 años),-,-,-,-,-,-,-,-
Antioquia , Puerto Triunfo,5591.0,Mujer,Mayores de Edad (>18 años),-,-,-,-,-,-,-,-
Antioquia , Puerto Triunfo,5591.0,MUJER,TOTAL,-,-,-,-,-,-,-,-
Antioquia , Puerto Triunfo,5591.0,Indeterminado,Menores de Edad (<18 años),-,-,-,-,-,-,-,-
Antioquia , Puerto Triunfo,5591.0,Indeterminado,Mayores de Edad (>18 años),-,-,-,-,-,-,-,-
Antioquia , Puerto Triunfo,5591.0,INDETERMINADO,TOTAL,-,-,-,-,-,-,-,-
Antioquia , Puerto Triunfo,5591.0,TOTAL,,-,-,-,3,-,-,6,9
Antioquia , Remedios,5604.0,Hombre,Menores de Edad (<18 años),-,1,-,1,-,-,-,2
Antioquia , Remedios,5604.0,Hombre,Mayores de Edad (>18 años),-,1,-,19,-,1,5,26
Antioquia , Remedios,5604.0,HOMBRE,TOTAL,-,2,-,20,-,1,5,28
Antioquia , Remedios,5604.0,Mujer,Menores de Edad (<18 años),-,-,-,-,-,-,-,-
Antioquia , Remedios,5604.0,Mujer,Mayores de Edad (>18 años),-,-,-,-,-,-,1,1
Antioquia , Remedios,5604.0,MUJER,TOTAL,-,-,-,-,-,-,1,1
Antioquia , Remedios,5604.0,Indeterminado,Menores de Edad (<18 años),-,-,-,-,-,-,-,-
Antioquia , Remedios,5604.0,Indeterminado,Mayores de Edad (>18 años),-,-,-,-,-,-,-,-
Antioquia , Remedios,5604.0,INDETERMINADO,TOTAL,-,-,-,-,-,-,-,-
Antioquia , Remedios,5604.0,TOTAL,,-,2,-,20,-,1,6,29
Antioquia , Retiro,5607.0,Hombre,Menores de Edad (<18 años),-,-,-,-,-,-,-,-
Antioquia , Retiro,5607.0,Hombre,Mayores de Edad (>18 años),-,-,-,1,-,-,-,1
Antioquia , Retiro,5607.0,HOMBRE,TOTAL,-,-,-,1,-,-,-,1
Antioquia , Retiro,5607.0,Mujer,Menores de Edad (<18 años),-,-,-,-,-,-,-,-
Antioquia , Retiro,5607.0,Mujer,Mayores de Edad (>18 años),-,-,-,-,-,-,-,-
Antioquia , Retiro,5607.0,MUJER,TOTAL,-,-,-,-,-,-,-,-
Antioquia , Retiro,5607.0,Indeterminado,Menores de Edad (<18 años),-,-,-,-,-,-,-,-
Antioquia , Retiro,5607.0,Indeterminado,Mayores de Edad (>18 años),-,-,-,-,-,-,-,-
Antioquia , Retiro,5607.0,INDETERMINADO,TOTAL,-,-,-,-,-,-,-,-
Antioquia , Retiro,5607.0,TOTAL,,-,-,-,1,-,-,-,1
Antioquia , Rionegro,5615.0,Hombre,Menores de Edad (<18 años),-,-,-,-,-,-,-,-
Antioquia , Rionegro,5615.0,Hombre,Mayores de Edad (>18 años),-,1,-,15,-,-,-,16
Antioquia , Rionegro,5615.0,HOMBRE,TOTAL,-,1,-,15,-,-,-,16
Antioquia , Rionegro,5615.0,Mujer,Menores de Edad (<18 años),-,1,-,-,-,-,-,1
Antioquia , Rionegro,5615.0,Mujer,Mayores de Edad (>18 años),-,-,-,1,-,-,1,2
Antioquia , Rionegro,5615.0,MUJER,TOTAL,-,1,-,1,-,-,1,3
Antioquia , Rionegro,5615.0,Indeterminado,Menores de Edad (<18 años),-,-,-,-,-,-,-,-
Antioquia , Rionegro,5615.0,Indeterminado,Mayores de Edad (>18 años),-,-,-,-,-,-,-,-
Antioquia , Rionegro,5615.0,INDETERMINADO,TOTAL,-,-,-,-,-,-,-,-
Antioquia , Rionegro,5615.0,TOTAL,,-,2,-,16,-,-,1,19
Antioquia , Sabanalarga,5628.0,Hombre,Menores de Edad (<18 años),-,-,-,-,-,-,-,-
Antioquia , Sabanalarga,5628.0,Hombre,Mayores de Edad (>18 años),-,-,-,3,-,-,-,3
Antioquia , Sabanalarga,5628.0,HOMBRE,TOTAL,-,-,-,3,-,-,-,3
Antioquia , Sabanalarga,5628.0,Mujer,Menores de Edad (<18 años),-,-,-,-,-,-,-,-
Antioquia , Sabanalarga,5628.0,Mujer,Mayores de Edad (>18 años),-,-,-,-,-,-,-,-
Antioquia , Sabanalarga,5628.0,MUJER,TOTAL,-,-,-,-,-,-,-,-
Antioquia , Sabanalarga,5628.0,Indeterminado,Menores de Edad (<18 años),-,-,-,-,-,-,-,-
Antioquia , Sabanalarga,5628.0,Indeterminado,Mayores de Edad (>18 años),-,-,-,-,-,-,-,-
Antioquia , Sabanalarga,5628.0,INDETERMINADO,TOTAL,-,-,-,-,-,-,-,-
Antioquia , Sabanalarga,5628.0,TOTAL,,-,-,-,3,-,-,-,3
Antioquia , Sabaneta,5631.0,Hombre,Menores de Edad (<18 años),-,-,-,-,-,-,-,-
Antioquia , Sabaneta,5631.0,Hombre,Mayores de Edad (>18 años),-,-,-,1,-,-,-,1
Antioquia , Sabaneta,5631.0,HOMBRE,TOTAL,-,-,-,1,-,-,-,1
Antioquia , Sabaneta,5631.0,Mujer,Menores de Edad (<18 años),-,-,-,-,-,-,-,-
Antioquia , Sabaneta,5631.0,Mujer,Mayores de Edad (>18 años),-,-,-,-,-,-,-,-
Antioquia , Sabaneta,5631.0,MUJER,TOTAL,-,-,-,-,-,-,-,-
Antioquia , Sabaneta,5631.0,Indeterminado,Menores de Edad (<18 años),-,-,-,-,-,-,-,-
Antioquia , Sabaneta,5631.0,Indeterminado,Mayores de Edad (>18 años),-,-,-,-,-,-,-,-
Antioquia , Sabaneta,5631.0,INDETERMINADO,TOTAL,-,-,-,-,-,-,-,-
Antioquia , Sabaneta,5631.0,TOTAL,,-,-,-,1,-,-,-,1
Antioquia , Salgar,5642.0,Hombre,Menores de Edad (<18 años),-,-,-,2,-,-,-,2
Antioquia , Salgar,5642.0,Hombre,Mayores de Edad (>18 años),-,-,-,12,-,-,2,14
Antioquia , Salgar,5642.0,HOMBRE,TOTAL,-,-,-,14,-,-,2,16
Antioquia , Salgar,5642.0,Mujer,Menores de Edad (<18 años),-,-,-,1,-,-,-,1
Antioquia , Salgar,5642.0,Mujer,Mayores de Edad (>18 años),-,-,-,2,-,-,-,2
Antioquia , Salgar,5642.0,MUJER,TOTAL,-,-,-,3,-,-,-,3
Antioquia , Salgar,5642.0,Indeterminado,Menores de Edad (<18 años),-,-,-,-,-,-,-,-
Antioquia , Salgar,5642.0,Indeterminado,Mayores de Edad (>18 años),-,-,-,-,-,-,-,-
Antioquia , Salgar,5642.0,INDETERMINADO,TOTAL,-,-,-,-,-,-,-,-
Antioquia , Salgar,5642.0,TOTAL,,-,-,-,17,-,-,2,19
Antioquia , San Andrés de Cuerquía,5647.0,Hombre,Menores de Edad (<18 años),-,-,-,-,-,-,-,-
Antioquia , San Andrés de Cuerquía,5647.0,Hombre,Mayores de Edad (>18 años),-,-,-,1,-,-,3,4
Antioquia , San Andrés de Cuerquía,5647.0,HOMBRE,TOTAL,-,-,-,1,-,-,3,4
Antioquia , San Andrés de Cuerquía,5647.0,Mujer,Menores de Edad (<18 años),-,-,-,-,-,-,-,-
Antioquia , San Andrés de Cuerquía,5647.0,Mujer,Mayores de Edad (>18 años),-,-,-,-,-,-,-,-
Antioquia , San Andrés de Cuerquía,5647.0,MUJER,TOTAL,-,-,-,-,-,-,-,-
Antioquia , San Andrés de Cuerquía,5647.0,Indeterminado,Menores de Edad (<18 años),-,-,-,-,-,-,-,-
Antioquia , San Andrés de Cuerquía,5647.0,Indeterminado,Mayores de Edad (>18 años),-,-,-,-,-,-,-,-
Antioquia , San Andrés de Cuerquía,5647.0,INDETERMINADO,TOTAL,-,-,-,-,-,-,-,-
Antioquia , San Andrés de Cuerquía,5647.0,TOTAL,,-,-,-,1,-,-,3,4
Antioquia , San Carlos,5649.0,Hombre,Menores de Edad (<18 años),-,-,-,-,-,-,-,-
Antioquia , San Carlos,5649.0,Hombre,Mayores de Edad (>18 años),-,-,-,6,1,-,1,8
Antioquia , San Carlos,5649.0,HOMBRE,TOTAL,-,-,-,6,1,-,1,8
Antioquia , San Carlos,5649.0,Mujer,Menores de Edad (<18 años),-,-,-,-,-,-,-,-
Antioquia , San Carlos,5649.0,Mujer,Mayores de Edad (>18 años),-,-,-,-,-,-,-,-
Antioquia , San Carlos,5649.0,MUJER,TOTAL,-,-,-,-,-,-,-,-
Antioquia , San Carlos,5649.0,Indeterminado,Menores de Edad (<18 años),-,-,-,-,-,-,-,-
Antioquia , San Carlos,5649.0,Indeterminado,Mayores de Edad (>18 años),-,-,-,-,-,-,-,-
Antioquia , San Carlos,5649.0,INDETERMINADO,TOTAL,-,-,-,-,-,-,-,-
Antioquia , San Carlos,5649.0,TOTAL,,-,-,-,6,1,-,1,8
Antioquia , San Francisco,5652.0,Hombre,Menores de Edad (<18 años),-,-,-,-,-,-,-,-
Antioquia , San Francisco,5652.0,Hombre,Mayores de Edad (>18 años),-,-,-,3,-,1,-,4
Antioquia , San Francisco,5652.0,HOMBRE,TOTAL,-,-,-,3,-,1,-,4
Antioquia , San Francisco,5652.0,Mujer,Menores de Edad (<18 años),-,-,-,-,-,-,-,-
Antioquia , San Francisco,5652.0,Mujer,Mayores de Edad (>18 años),-,-,-,-,-,-,-,-
Antioquia , San Francisco,5652.0,MUJER,TOTAL,-,-,-,-,-,-,-,-
Antioquia , San Francisco,5652.0,Indeterminado,Menores de Edad (<18 años),-,-,-,-,-,-,-,-
Antioquia , San Francisco,5652.0,Indeterminado,Mayores de Edad (>18 años),-,-,-,-,-,-,-,-
Antioquia , San Francisco,5652.0,INDETERMINADO,TOTAL,-,-,-,-,-,-,-,-
Antioquia , San Francisco,5652.0,TOTAL,,-,-,-,3,-,1,-,4
Antioquia , San Jerónimo,5656.0,Hombre,Menores de Edad (<18 años),-,-,-,-,-,-,-,-
Antioquia , San Jerónimo,5656.0,Hombre,Mayores de Edad (>18 años),-,-,-,3,-,-,-,3
Antioquia , San Jerónimo,5656.0,HOMBRE,TOTAL,-,-,-,3,-,-,-,3
Antioquia , San Jerónimo,5656.0,Mujer,Menores de Edad (<18 años),-,-,-,-,-,-,-,-
Antioquia , San Jerónimo,5656.0,Mujer,Mayores de Edad (>18 años),-,-,-,-,-,-,-,-
Antioquia , San Jerónimo,5656.0,MUJER,TOTAL,-,-,-,-,-,-,-,-
Antioquia , San Jerónimo,5656.0,Indeterminado,Menores de Edad (<18 años),-,-,-,-,-,-,-,-
Antioquia , San Jerónimo,5656.0,Indeterminado,Mayores de Edad (>18 años),-,-,-,-,-,-,-,-
Antioquia , San Jerónimo,5656.0,INDETERMINADO,TOTAL,-,-,-,-,-,-,-,-
Antioquia , San Jerónimo,5656.0,TOTAL,,-,-,-,3,-,-,-,3
Antioquia , San Juan de Urabá,5659.0,Hombre,Menores de Edad (<18 años),-,-,-,-,-,-,-,-
Antioquia , San Juan de Urabá,5659.0,Hombre,Mayores de Edad (>18 años),-,-,-,1,-,-,-,1
Antioquia , San Juan de Urabá,5659.0,HOMBRE,TOTAL,-,-,-,1,-,-,-,1
Antioquia , San Juan de Urabá,5659.0,Mujer,Menores de Edad (<18 años),-,-,-,-,-,-,-,-
Antioquia , San Juan de Urabá,5659.0,Mujer,Mayores de Edad (>18 años),-,-,-,-,-,-,-,-
Antioquia , San Juan de Urabá,5659.0,MUJER,TOTAL,-,-,-,-,-,-,-,-
Antioquia , San Juan de Urabá,5659.0,Indeterminado,Menores de Edad (<18 años),-,-,-,-,-,-,-,-
Antioquia , San Juan de Urabá,5659.0,Indeterminado,Mayores de Edad (>18 años),-,-,-,-,-,-,-,-
Antioquia , San Juan de Urabá,5659.0,INDETERMINADO,TOTAL,-,-,-,-,-,-,-,-
Antioquia , San Juan de Urabá,5659.0,TOTAL,,-,-,-,1,-,-,-,1
Antioquia , San Luis,5660.0,Hombre,Menores de Edad (<18 años),-,-,-,-,-,-,-,-
Antioquia , San Luis,5660.0,Hombre,Mayores de Edad (>18 años),-,1,-,3,-,-,3,7
Antioquia , San Luis,5660.0,HOMBRE,TOTAL,-,1,-,3,-,-,3,7
Antioquia , San Luis,5660.0,Mujer,Menores de Edad (<18 años),-,-,-,-,-,-,-,-
Antioquia , San Luis,5660.0,Mujer,Mayores de Edad (>18 años),-,-,-,-,-,-,-,-
Antioquia , San Luis,5660.0,MUJER,TOTAL,-,-,-,-,-,-,-,-
Antioquia , San Luis,5660.0,Indeterminado,Menores de Edad (<18 años),-,-,-,-,-,-,-,-
Antioquia , San Luis,5660.0,Indeterminado,Mayores de Edad (>18 años),-,-,-,-,-,-,-,-
Antioquia , San Luis,5660.0,INDETERMINADO,TOTAL,-,-,-,-,-,-,-,-
Antioquia , San Luis,5660.0,TOTAL,,-,1,-,3,-,-,3,7
Antioquia , San Pedro de los Milagros,5664.0,Hombre,Menores de Edad (<18 años),-,-,-,1,-,-,-,1
Antioquia , San Pedro de los Milagros,5664.0,Hombre,Mayores de Edad (>18 años),-,-,-,6,-,-,1,7
Antioquia , San Pedro de los Milagros,5664.0,HOMBRE,TOTAL,-,-,-,7,-,-,1,8
Antioquia , San Pedro de los Milagros,5664.0,Mujer,Menores de Edad (<18 años),-,-,-,-,-,-,-,-
Antioquia , San Pedro de los Milagros,5664.0,Mujer,Mayores de Edad (>18 años),-,-,-,1,-,-,-,1
Antioquia , San Pedro de los Milagros,5664.0,MUJER,TOTAL,-,-,-,1,-,-,-,1
Antioquia , San Pedro de los Milagros,5664.0,Indeterminado,Menores de Edad (<18 años),-,-,-,-,-,-,-,-
Antioquia , San Pedro de los Milagros,5664.0,Indeterminado,Mayores de Edad (>18 años),-,-,-,-,-,-,-,-
Antioquia , San Pedro de los Milagros,5664.0,INDETERMINADO,TOTAL,-,-,-,-,-,-,-,-
Antioquia , San Pedro de los Milagros,5664.0,TOTAL,,-,-,-,8,-,-,1,9
Antioquia , San Rafael,5667.0,Hombre,Menores de Edad (<18 años),-,-,-,-,-,-,-,-
Antioquia , San Rafael,5667.0,Hombre,Mayores de Edad (>18 años),-,-,-,1,-,-,5,6
Antioquia , San Rafael,5667.0,HOMBRE,TOTAL,-,-,-,1,-,-,5,6
Antioquia , San Rafael,5667.0,Mujer,Menores de Edad (<18 años),-,-,-,-,-,-,-,-
Antioquia , San Rafael,5667.0,Mujer,Mayores de Edad (>18 años),-,1,-,-,-,-,-,1
Antioquia , San Rafael,5667.0,MUJER,TOTAL,-,1,-,-,-,-,-,1
Antioquia , San Rafael,5667.0,Indeterminado,Menores de Edad (<18 años),-,-,-,-,-,-,-,-
Antioquia , San Rafael,5667.0,Indeterminado,Mayores de Edad (>18 años),-,-,-,-,-,-,-,-
Antioquia , San Rafael,5667.0,INDETERMINADO,TOTAL,-,-,-,-,-,-,-,-
Antioquia , San Rafael,5667.0,TOTAL,,-,1,-,1,-,-,5,7
Antioquia , San Roque,5670.0,Hombre,Menores de Edad (<18 años),-,-,-,-,-,-,-,-
Antioquia , San Roque,5670.0,Hombre,Mayores de Edad (>18 años),-,-,-,3,-,-,2,5
Antioquia , San Roque,5670.0,HOMBRE,TOTAL,-,-,-,3,-,-,2,5
Antioquia , San Roque,5670.0,Mujer,Menores de Edad (<18 años),-,-,-,1,-,-,-,1
Antioquia , San Roque,5670.0,Mujer,Mayores de Edad (>18 años),-,-,-,2,-,-,1,3
Antioquia , San Roque,5670.0,MUJER,TOTAL,-,-,-,3,-,-,1,4
Antioquia , San Roque,5670.0,Indeterminado,Menores de Edad (<18 años),-,-,-,-,-,-,-,-
Antioquia , San Roque,5670.0,Indeterminado,Mayores de Edad (>18 años),-,-,-,-,-,-,-,-
Antioquia , San Roque,5670.0,INDETERMINADO,TOTAL,-,-,-,-,-,-,-,-
Antioquia , San Roque,5670.0,TOTAL,,-,-,-,6,-,-,3,9
Antioquia , San Vicente Ferrer,5674.0,Hombre,Menores de Edad (<18 años),-,-,-,-,-,-,-,-
Antioquia , San Vicente Ferrer,5674.0,Hombre,Mayores de Edad (>18 años),-,-,-,3,-,-,1,4
Antioquia , San Vicente Ferrer,5674.0,HOMBRE,TOTAL,-,-,-,3,-,-,1,4
Antioquia , San Vicente Ferrer,5674.0,Mujer,Menores de Edad (<18 años),-,-,-,-,-,-,-,-
Antioquia , San Vicente Ferrer,5674.0,Mujer,Mayores de Edad (>18 años),-,-,-,-,-,-,-,-
Antioquia , San Vicente Ferrer,5674.0,MUJER,TOTAL,-,-,-,-,-,-,-,-
Antioquia , San Vicente Ferrer,5674.0,Indeterminado,Menores de Edad (<18 años),-,-,-,-,-,-,-,-
Antioquia , San Vicente Ferrer,5674.0,Indeterminado,Mayores de Edad (>18 años),-,-,-,-,-,-,-,-
Antioquia , San Vicente Ferrer,5674.0,INDETERMINADO,TOTAL,-,-,-,-,-,-,-,-
Antioquia , San Vicente Ferrer,5674.0,TOTAL,,-,-,-,3,-,-,1,4
Antioquia , Santa Bárbara,5679.0,Hombre,Menores de Edad (<18 años),-,-,-,-,-,-,-,-
Antioquia , Santa Bárbara,5679.0,Hombre,Mayores de Edad (>18 años),-,-,-,7,-,-,2,9
Antioquia , Santa Bárbara,5679.0,HOMBRE,TOTAL,-,-,-,7,-,-,2,9
Antioquia , Santa Bárbara,5679.0,Mujer,Menores de Edad (<18 años),-,-,-,-,-,-,-,-
Antioquia , Santa Bárbara,5679.0,Mujer,Mayores de Edad (>18 años),-,-,-,-,-,-,-,-
Antioquia , Santa Bárbara,5679.0,MUJER,TOTAL,-,-,-,-,-,-,-,-
Antioquia , Santa Bárbara,5679.0,Indeterminado,Menores de Edad (<18 años),-,-,-,-,-,-,-,-
Antioquia , Santa Bárbara,5679.0,Indeterminado,Mayores de Edad (>18 años),-,-,-,-,-,-,-,-
Antioquia , Santa Bárbara,5679.0,INDETERMINADO,TOTAL,-,-,-,-,-,-,-,-
Antioquia , Santa Bárbara,5679.0,TOTAL,,-,-,-,7,-,-,2,9
Antioquia , Santa Fé de Antioquia,5042.0,Hombre,Menores de Edad (<18 años),-,-,-,-,-,-,-,-
Antioquia , Santa Fé de Antioquia,5042.0,Hombre,Mayores de Edad (>18 años),-,-,-,4,-,-,2,6
Antioquia , Santa Fé de Antioquia,5042.0,HOMBRE,TOTAL,-,-,-,4,-,-,2,6
Antioquia , Santa Fé de Antioquia,5042.0,Mujer,Menores de Edad (<18 años),-,-,-,-,-,-,-,-
Antioquia , Santa Fé de Antioquia,5042.0,Mujer,Mayores de Edad (>18 años),-,-,1,-,-,-,-,1
Antioquia , Santa Fé de Antioquia,5042.0,MUJER,TOTAL,-,-,1,-,-,-,-,1
Antioquia , Santa Fé de Antioquia,5042.0,Indeterminado,Menores de Edad (<18 años),-,-,-,-,-,-,-,-
Antioquia , Santa Fé de Antioquia,5042.0,Indeterminado,Mayores de Edad (>18 años),-,-,-,-,-,-,-,-
Antioquia , Santa Fé de Antioquia,5042.0,INDETERMINADO,TOTAL,-,-,-,-,-,-,-,-
Antioquia , Santa Fé de Antioquia,5042.0,TOTAL,,-,-,1,4,-,-,2,7
Antioquia , Santa Rosa de Osos,5686.0,Hombre,Menores de Edad (<18 años),-,-,-,-,-,-,-,-
Antioquia , Santa Rosa de Osos,5686.0,Hombre,Mayores de Edad (>18 años),-,-,-,6,-,-,1,7
Antioquia , Santa Rosa de Osos,5686.0,HOMBRE,TOTAL,-,-,-,6,-,-,1,7
Antioquia , Santa Rosa de Osos,5686.0,Mujer,Menores de Edad (<18 años),-,-,-,-,-,-,-,-
Antioquia , Santa Rosa de Osos,5686.0,Mujer,Mayores de Edad (>18 años),-,-,-,-,-,-,-,-
Antioquia , Santa Rosa de Osos,5686.0,MUJER,TOTAL,-,-,-,-,-,-,-,-
Antioquia , Santa Rosa de Osos,5686.0,Indeterminado,Menores de Edad (<18 años),-,-,-,-,-,-,-,-
Antioquia , Santa Rosa de Osos,5686.0,Indeterminado,Mayores de Edad (>18 años),-,-,-,-,-,-,-,-
Antioquia , Santa Rosa de Osos,5686.0,INDETERMINADO,TOTAL,-,-,-,-,-,-,-,-
Antioquia , Santa Rosa de Osos,5686.0,TOTAL,,-,-,-,6,-,-,1,7
Antioquia , Santo Domingo,5690.0,Hombre,Menores de Edad (<18 años),-,-,-,-,-,-,-,-
Antioquia , Santo Domingo,5690.0,Hombre,Mayores de Edad (>18 años),-,-,-,3,-,-,1,4
Antioquia , Santo Domingo,5690.0,HOMBRE,TOTAL,-,-,-,3,-,-,1,4
Antioquia , Santo Domingo,5690.0,Mujer,Menores de Edad (<18 años),-,-,-,-,-,-,-,-
Antioquia , Santo Domingo,5690.0,Mujer,Mayores de Edad (>18 años),-,-,-,-,-,-,-,-
Antioquia , Santo Domingo,5690.0,MUJER,TOTAL,-,-,-,-,-,-,-,-
Antioquia , Santo Domingo,5690.0,Indeterminado,Menores de Edad (<18 años),-,-,-,-,-,-,-,-
Antioquia , Santo Domingo,5690.0,Indeterminado,Mayores de Edad (>18 años),-,-,-,-,-,-,-,-
Antioquia , Santo Domingo,5690.0,INDETERMINADO,TOTAL,-,-,-,-,-,-,-,-
Antioquia , Santo Domingo,5690.0,TOTAL,,-,-,-,3,-,-,1,4
Antioquia , Segovia,5736.0,Hombre,Menores de Edad (<18 años),-,-,1,2,-,-,-,3
Antioquia , Segovia,5736.0,Hombre,Mayores de Edad (>18 años),-,1,-,39,-,2,9,51
Antioquia , Segovia,5736.0,HOMBRE,TOTAL,-,1,1,41,-,2,9,54
Antioquia , Segovia,5736.0,Mujer,Menores de Edad (<18 años),-,-,-,-,-,-,-,-
Antioquia , Segovia,5736.0,Mujer,Mayores de Edad (>18 años),-,-,-,1,-,-,1,2
Antioquia , Segovia,5736.0,MUJER,TOTAL,-,-,-,1,-,-,1,2
Antioquia , Segovia,5736.0,Indeterminado,Menores de Edad (<18 años),-,-,-,-,-,-,-,-
Antioquia , Segovia,5736.0,Indeterminado,Mayores de Edad (>18 años),-,-,-,-,-,-,-,-
Antioquia , Segovia,5736.0,INDETERMINADO,TOTAL,-,-,-,-,-,-,-,-
Antioquia , Segovia,5736.0,TOTAL,,-,1,1,42,-,2,10,56
Antioquia , Sonsón,5756.0,Hombre,Menores de Edad (<18 años),-,-,-,1,-,-,-,1
Antioquia , Sonsón,5756.0,Hombre,Mayores de Edad (>18 años),-,1,-,11,-,-,1,13
Antioquia , Sonsón,5756.0,HOMBRE,TOTAL,-,1,-,12,-,-,1,14
Antioquia , Sonsón,5756.0,Mujer,Menores de Edad (<18 años),-,-,-,-,-,-,-,-
Antioquia , Sonsón,5756.0,Mujer,Mayores de Edad (>18 años),-,-,-,-,-,-,-,-
Antioquia , Sonsón,5756.0,MUJER,TOTAL,-,-,-,-,-,-,-,-
Antioquia , Sonsón,5756.0,Indeterminado,Menores de Edad (<18 años),-,-,-,-,-,-,-,-
Antioquia , Sonsón,5756.0,Indeterminado,Mayores de Edad (>18 años),-,-,-,-,-,-,-,-
Antioquia , Sonsón,5756.0,INDETERMINADO,TOTAL,-,-,-,-,-,-,-,-
Antioquia , Sonsón,5756.0,TOTAL,,-,1,-,12,-,-,1,14
Antioquia , Sopetrán,5761.0,Hombre,Menores de Edad (<18 años),-,-,-,-,-,-,-,-
Antioquia , Sopetrán,5761.0,Hombre,Mayores de Edad (>18 años),-,-,-,3,-,-,1,4
Antioquia , Sopetrán,5761.0,HOMBRE,TOTAL,-,-,-,3,-,-,1,4
Antioquia , Sopetrán,5761.0,Mujer,Menores de Edad (<18 años),-,-,-,-,-,-,-,-
Antioquia , Sopetrán,5761.0,Mujer,Mayores de Edad (>18 años),-,-,-,-,-,-,-,-
Antioquia , Sopetrán,5761.0,MUJER,TOTAL,-,-,-,-,-,-,-,-
Antioquia , Sopetrán,5761.0,Indeterminado,Menores de Edad (<18 años),-,-,-,-,-,-,-,-
Antioquia , Sopetrán,5761.0,Indeterminado,Mayores de Edad (>18 años),-,-,-,-,-,-,-,-
Antioquia , Sopetrán,5761.0,INDETERMINADO,TOTAL,-,-,-,-,-,-,-,-
Antioquia , Sopetrán,5761.0,TOTAL,,-,-,-,3,-,-,1,4
Antioquia , Támesis,5789.0,Hombre,Menores de Edad (<18 años),-,-,-,-,-,-,-,-
Antioquia , Támesis,5789.0,Hombre,Mayores de Edad (>18 años),-,-,-,3,-,-,-,3
Antioquia , Támesis,5789.0,HOMBRE,TOTAL,-,-,-,3,-,-,-,3
Antioquia , Támesis,5789.0,Mujer,Menores de Edad (<18 años),-,-,-,-,-,-,-,-
Antioquia , Támesis,5789.0,Mujer,Mayores de Edad (>18 años),-,-,-,-,-,-,-,-
Antioquia , Támesis,5789.0,MUJER,TOTAL,-,-,-,-,-,-,-,-
Antioquia , Támesis,5789.0,Indeterminado,Menores de Edad (<18 años),-,-,-,-,-,-,-,-
Antioquia , Támesis,5789.0,Indeterminado,Mayores de Edad (>18 años),-,-,-,-,-,-,-,-
Antioquia , Támesis,5789.0,INDETERMINADO,TOTAL,-,-,-,-,-,-,-,-
Antioquia , Támesis,5789.0,TOTAL,,-,-,-,3,-,-,-,3
Antioquia , Tarazá,5790.0,Hombre,Menores de Edad (<18 años),-,-,-,3,-,-,-,3
Antioquia , Tarazá,5790.0,Hombre,Mayores de Edad (>18 años),-,1,1,40,-,1,16,59
Antioquia , Tarazá,5790.0,HOMBRE,TOTAL,-,1,1,43,-,1,16,62
Antioquia , Tarazá,5790.0,Mujer,Menores de Edad (<18 años),-,-,-,-,-,-,-,-
Antioquia , Tarazá,5790.0,Mujer,Mayores de Edad (>18 años),-,-,-,4,-,-,1,5
Antioquia , Tarazá,5790.0,MUJER,TOTAL,-,-,-,4,-,-,1,5
Antioquia , Tarazá,5790.0,Indeterminado,Menores de Edad (<18 años),-,-,-,-,-,-,-,-
Antioquia , Tarazá,5790.0,Indeterminado,Mayores de Edad (>18 años),-,-,-,-,-,-,-,-
Antioquia , Tarazá,5790.0,INDETERMINADO,TOTAL,-,-,-,-,-,-,-,-
Antioquia , Tarazá,5790.0,TOTAL,,-,1,1,47,-,1,17,67
Antioquia , Tarso,5792.0,Hombre,Menores de Edad (<18 años),-,-,-,-,-,-,-,-
Antioquia , Tarso,5792.0,Hombre,Mayores de Edad (>18 años),-,-,-,3,-,-,-,3
Antioquia , Tarso,5792.0,HOMBRE,TOTAL,-,-,-,3,-,-,-,3
Antioquia , Tarso,5792.0,Mujer,Menores de Edad (<18 años),-,-,-,-,-,-,-,-
Antioquia , Tarso,5792.0,Mujer,Mayores de Edad (>18 años),-,-,-,-,-,-,-,-
Antioquia , Tarso,5792.0,MUJER,TOTAL,-,-,-,-,-,-,-,-
Antioquia , Tarso,5792.0,Indeterminado,Menores de Edad (<18 años),-,-,-,-,-,-,-,-
Antioquia , Tarso,5792.0,Indeterminado,Mayores de Edad (>18 años),-,-,-,-,-,-,-,-
Antioquia , Tarso,5792.0,INDETERMINADO,TOTAL,-,-,-,-,-,-,-,-
Antioquia , Tarso,5792.0,TOTAL,,-,-,-,3,-,-,-,3
Antioquia , Titiribí,5809.0,Hombre,Menores de Edad (<18 años),-,-,-,-,-,-,-,-
Antioquia , Titiribí,5809.0,Hombre,Mayores de Edad (>18 años),-,-,-,1,-,-,-,1
Antioquia , Titiribí,5809.0,HOMBRE,TOTAL,-,-,-,1,-,-,-,1
Antioquia , Titiribí,5809.0,Mujer,Menores de Edad (<18 años),-,-,-,-,-,-,-,-
Antioquia , Titiribí,5809.0,Mujer,Mayores de Edad (>18 años),-,-,-,-,-,-,-,-
Antioquia , Titiribí,5809.0,MUJER,TOTAL,-,-,-,-,-,-,-,-
Antioquia , Titiribí,5809.0,Indeterminado,Menores de Edad (<18 años),-,-,-,-,-,-,-,-
Antioquia , Titiribí,5809.0,Indeterminado,Mayores de Edad (>18 años),-,-,-,-,-,-,-,-
Antioquia , Titiribí,5809.0,INDETERMINADO,TOTAL,-,-,-,-,-,-,-,-
Antioquia , Titiribí,5809.0,TOTAL,,-,-,-,1,-,-,-,1
Antioquia , Toledo,5819.0,Hombre,Menores de Edad (<18 años),-,-,-,-,-,-,-,-
Antioquia , Toledo,5819.0,Hombre,Mayores de Edad (>18 años),-,-,-,3,-,-,-,3
Antioquia , Toledo,5819.0,HOMBRE,TOTAL,-,-,-,3,-,-,-,3
Antioquia , Toledo,5819.0,Mujer,Menores de Edad (<18 años),-,-,-,-,-,-,-,-
Antioquia , Toledo,5819.0,Mujer,Mayores de Edad (>18 años),-,-,-,-,-,-,-,-
Antioquia , Toledo,5819.0,MUJER,TOTAL,-,-,-,-,-,-,-,-
Antioquia , Toledo,5819.0,Indeterminado,Menores de Edad (<18 años),-,-,-,-,-,-,-,-
Antioquia , Toledo,5819.0,Indeterminado,Mayores de Edad (>18 años),-,-,-,-,-,-,-,-
Antioquia , Toledo,5819.0,INDETERMINADO,TOTAL,-,-,-,-,-,-,-,-
Antioquia , Toledo,5819.0,TOTAL,,-,-,-,3,-,-,-,3
Antioquia , Turbo,5837.0,Hombre,Menores de Edad (<18 años),-,-,-,-,-,4,2,6
Antioquia , Turbo,5837.0,Hombre,Mayores de Edad (>18 años),-,2,-,17,1,19,9,48
Antioquia , Turbo,5837.0,HOMBRE,TOTAL,-,2,-,17,1,23,11,54
Antioquia , Turbo,5837.0,Mujer,Menores de Edad (<18 años),-,-,-,-,-,-,1,1
Antioquia , Turbo,5837.0,Mujer,Mayores de Edad (>18 años),-,-,-,-,1,-,-,1
Antioquia , Turbo,5837.0,MUJER,TOTAL,-,-,-,-,1,-,1,2
Antioquia , Turbo,5837.0,Indeterminado,Menores de Edad (<18 años),-,-,-,-,-,-,-,-
Antioquia , Turbo,5837.0,Indeterminado,Mayores de Edad (>18 años),-,-,-,-,-,-,-,-
Antioquia , Turbo,5837.0,INDETERMINADO,TOTAL,-,-,-,-,-,-,-,-
Antioquia , Turbo,5837.0,TOTAL,,-,2,-,17,2,23,12,56
Antioquia , Uramita,5842.0,Hombre,Menores de Edad (<18 años),-,-,-,-,-,-,-,-
Antioquia , Uramita,5842.0,Hombre,Mayores de Edad (>18 años),-,-,-,4,-,-,1,5
Antioquia , Uramita,5842.0,HOMBRE,TOTAL,-,-,-,4,-,-,1,5
Antioquia , Uramita,5842.0,Mujer,Menores de Edad (<18 años),-,-,-,-,-,-,-,-
Antioquia , Uramita,5842.0,Mujer,Mayores de Edad (>18 años),-,-,-,-,-,-,-,-
Antioquia , Uramita,5842.0,MUJER,TOTAL,-,-,-,-,-,-,-,-
Antioquia , Uramita,5842.0,Indeterminado,Menores de Edad (<18 años),-,-,-,-,-,-,-,-
Antioquia , Uramita,5842.0,Indeterminado,Mayores de Edad (>18 años),-,-,-,-,-,-,-,-
Antioquia , Uramita,5842.0,INDETERMINADO,TOTAL,-,-,-,-,-,-,-,-
Antioquia , Uramita,5842.0,TOTAL,,-,-,-,4,-,-,1,5
Antioquia , Urrao,5847.0,Hombre,Menores de Edad (<18 años),-,-,1,1,-,-,-,2
Antioquia , Urrao,5847.0,Hombre,Mayores de Edad (>18 años),-,1,-,23,-,1,1,26
Antioquia , Urrao,5847.0,HOMBRE,TOTAL,-,1,1,24,-,1,1,28
Antioquia , Urrao,5847.0,Mujer,Menores de Edad (<18 años),-,-,-,1,-,-,-,1
Antioquia , Urrao,5847.0,Mujer,Mayores de Edad (>18 años),-,-,-,2,-,-,-,2
Antioquia , Urrao,5847.0,MUJER,TOTAL,-,-,-,3,-,-,-,3
Antioquia , Urrao,5847.0,Indeterminado,Menores de Edad (<18 años),-,-,-,-,-,-,-,-
Antioquia , Urrao,5847.0,Indeterminado,Mayores de Edad (>18 años),-,-,-,-,-,-,-,-
Antioquia , Urrao,5847.0,INDETERMINADO,TOTAL,-,-,-,-,-,-,-,-
Antioquia , Urrao,5847.0,TOTAL,,-,1,1,27,-,1,1,31
Antioquia , Valdivia,5854.0,Hombre,Menores de Edad (<18 años),-,-,-,1,-,-,-,1
Antioquia , Valdivia,5854.0,Hombre,Mayores de Edad (>18 años),-,-,-,7,-,-,-,7
Antioquia , Valdivia,5854.0,HOMBRE,TOTAL,-,-,-,8,-,-,-,8
Antioquia , Valdivia,5854.0,Mujer,Menores de Edad (<18 años),-,-,-,-,-,-,-,-
Antioquia , Valdivia,5854.0,Mujer,Mayores de Edad (>18 años),-,-,-,-,-,-,-,-
Antioquia , Valdivia,5854.0,MUJER,TOTAL,-,-,-,-,-,-,-,-
Antioquia , Valdivia,5854.0,Indeterminado,Menores de Edad (<18 años),-,-,-,-,-,-,-,-
Antioquia , Valdivia,5854.0,Indeterminado,Mayores de Edad (>18 años),-,-,-,-,-,-,-,-
Antioquia , Valdivia,5854.0,INDETERMINADO,TOTAL,-,-,-,-,-,-,-,-
Antioquia , Valdivia,5854.0,TOTAL,,-,-,-,8,-,-,-,8
Antioquia , Valparaíso,5856.0,Hombre,Menores de Edad (<18 años),-,-,-,-,-,-,-,-
Antioquia , Valparaíso,5856.0,Hombre,Mayores de Edad (>18 años),-,-,-,1,-,-,2,3
Antioquia , Valparaíso,5856.0,HOMBRE,TOTAL,-,-,-,1,-,-,2,3
Antioquia , Valparaíso,5856.0,Mujer,Menores de Edad (<18 años),-,-,-,-,-,-,-,-
Antioquia , Valparaíso,5856.0,Mujer,Mayores de Edad (>18 años),-,-,-,-,-,-,-,-
Antioquia , Valparaíso,5856.0,MUJER,TOTAL,-,-,-,-,-,-,-,-
Antioquia , Valparaíso,5856.0,Indeterminado,Menores de Edad (<18 años),-,-,-,-,-,-,-,-
Antioquia , Valparaíso,5856.0,Indeterminado,Mayores de Edad (>18 años),-,-,-,-,-,-,-,-
Antioquia , Valparaíso,5856.0,INDETERMINADO,TOTAL,-,-,-,-,-,-,-,-
Antioquia , Valparaíso,5856.0,TOTAL,,-,-,-,1,-,-,2,3
Antioquia , Vegachí,5858.0,Hombre,Menores de Edad (<18 años),-,-,-,-,-,-,1,1
Antioquia , Vegachí,5858.0,Hombre,Mayores de Edad (>18 años),-,-,-,2,-,-,2,4
Antioquia , Vegachí,5858.0,HOMBRE,TOTAL,-,-,-,2,-,-,3,5
Antioquia , Vegachí,5858.0,Mujer,Menores de Edad (<18 años),-,-,-,-,-,-,1,1
Antioquia , Vegachí,5858.0,Mujer,Mayores de Edad (>18 años),-,-,-,-,-,-,-,-
Antioquia , Vegachí,5858.0,MUJER,TOTAL,-,-,-,-,-,-,1,1
Antioquia , Vegachí,5858.0,Indeterminado,Menores de Edad (<18 años),-,-,-,-,-,-,-,-
Antioquia , Vegachí,5858.0,Indeterminado,Mayores de Edad (>18 años),-,-,-,-,-,-,-,-
Antioquia , Vegachí,5858.0,INDETERMINADO,TOTAL,-,-,-,-,-,-,-,-
Antioquia , Vegachí,5858.0,TOTAL,,-,-,-,2,-,-,4,6
Antioquia , Venecia,5861.0,Hombre,Menores de Edad (<18 años),-,-,-,1,-,-,-,1
Antioquia , Venecia,5861.0,Hombre,Mayores de Edad (>18 años),-,-,-,6,-,-,2,8
Antioquia , Venecia,5861.0,HOMBRE,TOTAL,-,-,-,7,-,-,2,9
Antioquia , Venecia,5861.0,Mujer,Menores de Edad (<18 años),-,-,-,-,-,-,-,-
Antioquia , Venecia,5861.0,Mujer,Mayores de Edad (>18 años),-,-,-,-,-,-,-,-
Antioquia , Venecia,5861.0,MUJER,TOTAL,-,-,-,-,-,-,-,-
Antioquia , Venecia,5861.0,Indeterminado,Menores de Edad (<18 años),-,-,-,-,-,-,-,-
Antioquia , Venecia,5861.0,Indeterminado,Mayores de Edad (>18 años),-,-,-,-,-,-,-,-
Antioquia , Venecia,5861.0,INDETERMINADO,TOTAL,-,-,-,-,-,-,-,-
Antioquia , Venecia,5861.0,TOTAL,,-,-,-,7,-,-,2,9
Antioquia , Yalí,5885.0,Hombre,Menores de Edad (<18 años),-,-,-,-,-,-,-,-
Antioquia , Yalí,5885.0,Hombre,Mayores de Edad (>18 años),-,-,-,6,-,-,2,8
Antioquia , Yalí,5885.0,HOMBRE,TOTAL,-,-,-,6,-,-,2,8
Antioquia , Yalí,5885.0,Mujer,Menores de Edad (<18 años),-,-,-,-,-,-,-,-
Antioquia , Yalí,5885.0,Mujer,Mayores de Edad (>18 años),-,-,-,-,-,-,-,-
Antioquia , Yalí,5885.0,MUJER,TOTAL,-,-,-,-,-,-,-,-
Antioquia , Yalí,5885.0,Indeterminado,Menores de Edad (<18 años),-,-,-,-,-,-,-,-
Antioquia , Yalí,5885.0,Indeterminado,Mayores de Edad (>18 años),-,-,-,-,-,-,-,-
Antioquia , Yalí,5885.0,INDETERMINADO,TOTAL,-,-,-,-,-,-,-,-
Antioquia , Yalí,5885.0,TOTAL,,-,-,-,6,-,-,2,8
Antioquia , Yarumal,5887.0,Hombre,Menores de Edad (<18 años),-,-,-,4,-,-,-,4
Antioquia , Yarumal,5887.0,Hombre,Mayores de Edad (>18 años),-,-,-,29,-,1,3,33
Antioquia , Yarumal,5887.0,HOMBRE,TOTAL,-,-,-,33,-,1,3,37
Antioquia , Yarumal,5887.0,Mujer,Menores de Edad (<18 años),-,-,-,-,-,-,-,-
Antioquia , Yarumal,5887.0,Mujer,Mayores de Edad (>18 años),-,-,-,1,-,-,-,1
Antioquia , Yarumal,5887.0,MUJER,TOTAL,-,-,-,1,-,-,-,1
Antioquia , Yarumal,5887.0,Indeterminado,Menores de Edad (<18 años),-,-,-,-,-,-,-,-
Antioquia , Yarumal,5887.0,Indeterminado,Mayores de Edad (>18 años),-,-,-,-,-,-,-,-
Antioquia , Yarumal,5887.0,INDETERMINADO,TOTAL,-,-,-,-,-,-,-,-
Antioquia , Yarumal,5887.0,TOTAL,,-,-,-,34,-,1,3,38
Antioquia , Yolombó,5890.0,Hombre,Menores de Edad (<18 años),-,-,-,1,-,-,-,1
Antioquia , Yolombó,5890.0,Hombre,Mayores de Edad (>18 años),-,-,-,7,1,-,1,9
Antioquia , Yolombó,5890.0,HOMBRE,TOTAL,-,-,-,8,1,-,1,10
Antioquia , Yolombó,5890.0,Mujer,Menores de Edad (<18 años),-,-,-,-,-,-,-,-
Antioquia , Yolombó,5890.0,Mujer,Mayores de Edad (>18 años),-,-,-,1,-,-,1,2
Antioquia , Yolombó,5890.0,MUJER,TOTAL,-,-,-,1,-,-,1,2
Antioquia , Yolombó,5890.0,Indeterminado,Menores de Edad (<18 años),-,-,-,-,-,-,-,-
Antioquia , Yolombó,5890.0,Indeterminado,Mayores de Edad (>18 años),-,-,-,-,-,-,-,-
Antioquia , Yolombó,5890.0,INDETERMINADO,TOTAL,-,-,-,-,-,-,-,-
Antioquia , Yolombó,5890.0,TOTAL,,-,-,-,9,1,-,2,12
Antioquia , Yondó,5893.0,Hombre,Menores de Edad (<18 años),-,-,-,-,-,-,-,-
Antioquia , Yondó,5893.0,Hombre,Mayores de Edad (>18 años),-,-,-,9,-,-,-,9
Antioquia , Yondó,5893.0,HOMBRE,TOTAL,-,-,-,9,-,-,-,9
Antioquia , Yondó,5893.0,Mujer,Menores de Edad (<18 años),-,-,-,-,-,-,-,-
Antioquia , Yondó,5893.0,Mujer,Mayores de Edad (>18 años),-,-,-,1,-,-,-,1
Antioquia , Yondó,5893.0,MUJER,TOTAL,-,-,-,1,-,-,-,1
Antioquia , Yondó,5893.0,Indeterminado,Menores de Edad (<18 años),-,-,-,-,-,-,-,-
Antioquia , Yondó,5893.0,Indeterminado,Mayores de Edad (>18 años),-,-,-,-,-,-,-,-
Antioquia , Yondó,5893.0,INDETERMINADO,TOTAL,-,-,-,-,-,-,-,-
Antioquia , Yondó,5893.0,TOTAL,,-,-,-,10,-,-,-,10
Antioquia , Zaragoza,5895.0,Hombre,Menores de Edad (<18 años),-,-,-,-,-,-,-,-
Antioquia , Zaragoza,5895.0,Hombre,Mayores de Edad (>18 años),-,-,-,9,-,1,-,10
Antioquia , Zaragoza,5895.0,HOMBRE,TOTAL,-,-,-,9,-,1,-,10
Antioquia , Zaragoza,5895.0,Mujer,Menores de Edad (<18 años),-,-,-,-,-,-,-,-
Antioquia , Zaragoza,5895.0,Mujer,Mayores de Edad (>18 años),-,-,-,-,-,-,-,-
Antioquia , Zaragoza,5895.0,MUJER,TOTAL,-,-,-,-,-,-,-,-
Antioquia , Zaragoza,5895.0,Indeterminado,Menores de Edad (<18 años),-,-,-,-,-,-,-,-
Antioquia , Zaragoza,5895.0,Indeterminado,Mayores de Edad (>18 años),-,-,-,-,-,-,-,-
Antioquia , Zaragoza,5895.0,INDETERMINADO,TOTAL,-,-,-,-,-,-,-,-
Antioquia , Zaragoza,5895.0,TOTAL,,-,-,-,9,-,1,-,10
Arauca , Arauca,81001.0,Hombre,Menores de Edad (<18 años),-,-,-,-,-,-,-,-
Arauca , Arauca,81001.0,Hombre,Mayores de Edad (>18 años),-,-,-,20,-,2,1,23
Arauca , Arauca,81001.0,HOMBRE,TOTAL,-,-,-,20,-,2,1,23
Arauca , Arauca,81001.0,Mujer,Menores de Edad (<18 años),-,-,-,-,-,-,-,-
Arauca , Arauca,81001.0,Mujer,Mayores de Edad (>18 años),-,-,-,2,-,-,-,2
Arauca , Arauca,81001.0,MUJER,TOTAL,-,-,-,2,-,-,-,2
Arauca , Arauca,81001.0,Indeterminado,Menores de Edad (<18 años),-,-,-,-,-,-,-,-
Arauca , Arauca,81001.0,Indeterminado,Mayores de Edad (>18 años),-,-,-,-,-,-,-,-
Arauca , Arauca,81001.0,INDETERMINADO,TOTAL,-,-,-,-,-,-,-,-
Arauca , Arauca,81001.0,TOTAL,,-,-,-,22,-,2,1,25
Arauca , Arauquita,81065.0,Hombre,Menores de Edad (<18 años),-,-,-,-,-,-,-,-
Arauca , Arauquita,81065.0,Hombre,Mayores de Edad (>18 años),-,-,1,11,-,-,-,12
Arauca , Arauquita,81065.0,HOMBRE,TOTAL,-,-,1,11,-,-,-,12
Arauca , Arauquita,81065.0,Mujer,Menores de Edad (<18 años),-,-,-,-,-,-,-,-
Arauca , Arauquita,81065.0,Mujer,Mayores de Edad (>18 años),-,-,-,1,-,-,-,1
Arauca , Arauquita,81065.0,MUJER,TOTAL,-,-,-,1,-,-,-,1
Arauca , Arauquita,81065.0,Indeterminado,Menores de Edad (<18 años),-,-,-,-,-,-,-,-
Arauca , Arauquita,81065.0,Indeterminado,Mayores de Edad (>18 años),-,-,-,-,-,-,-,-
Arauca , Arauquita,81065.0,INDETERMINADO,TOTAL,-,-,-,-,-,-,-,-
Arauca , Arauquita,81065.0,TOTAL,,-,-,1,12,-,-,-,13
Arauca , Cravo Norte,81220.0,Hombre,Menores de Edad (<18 años),-,-,-,-,-,-,-,-
Arauca , Cravo Norte,81220.0,Hombre,Mayores de Edad (>18 años),-,-,-,1,-,-,-,1
Arauca , Cravo Norte,81220.0,HOMBRE,TOTAL,-,-,-,1,-,-,-,1
Arauca , Cravo Norte,81220.0,Mujer,Menores de Edad (<18 años),-,-,-,-,-,-,-,-
Arauca , Cravo Norte,81220.0,Mujer,Mayores de Edad (>18 años),-,-,-,-,-,-,-,-
Arauca , Cravo Norte,81220.0,MUJER,TOTAL,-,-,-,-,-,-,-,-
Arauca , Cravo Norte,81220.0,Indeterminado,Menores de Edad (<18 años),-,-,-,-,-,-,-,-
Arauca , Cravo Norte,81220.0,Indeterminado,Mayores de Edad (>18 años),-,-,-,-,-,-,-,-
Arauca , Cravo Norte,81220.0,INDETERMINADO,TOTAL,-,-,-,-,-,-,-,-
Arauca , Cravo Norte,81220.0,TOTAL,,-,-,-,1,-,-,-,1
Arauca , Fortul,81300.0,Hombre,Menores de Edad (<18 años),-,-,-,-,-,-,-,-
Arauca , Fortul,81300.0,Hombre,Mayores de Edad (>18 años),-,-,-,7,-,-,-,7
Arauca , Fortul,81300.0,HOMBRE,TOTAL,-,-,-,7,-,-,-,7
Arauca , Fortul,81300.0,Mujer,Menores de Edad (<18 años),-,-,-,-,-,-,-,-
Arauca , Fortul,81300.0,Mujer,Mayores de Edad (>18 años),-,-,-,1,-,-,-,1
Arauca , Fortul,81300.0,MUJER,TOTAL,-,-,-,1,-,-,-,1
Arauca , Fortul,81300.0,Indeterminado,Menores de Edad (<18 años),-,-,-,-,-,-,-,-
Arauca , Fortul,81300.0,Indeterminado,Mayores de Edad (>18 años),-,-,-,-,-,-,-,-
Arauca , Fortul,81300.0,INDETERMINADO,TOTAL,-,-,-,-,-,-,-,-
Arauca , Fortul,81300.0,TOTAL,,-,-,-,8,-,-,-,8
Arauca , Puerto Rondón,81591.0,Hombre,Menores de Edad (<18 años),-,-,-,-,-,-,-,-
Arauca , Puerto Rondón,81591.0,Hombre,Mayores de Edad (>18 años),-,-,-,1,-,-,-,1
Arauca , Puerto Rondón,81591.0,HOMBRE,TOTAL,-,-,-,1,-,-,-,1
Arauca , Puerto Rondón,81591.0,Mujer,Menores de Edad (<18 años),-,-,-,-,-,-,-,-
Arauca , Puerto Rondón,81591.0,Mujer,Mayores de Edad (>18 años),-,-,-,-,-,-,-,-
Arauca , Puerto Rondón,81591.0,MUJER,TOTAL,-,-,-,-,-,-,-,-
Arauca , Puerto Rondón,81591.0,Indeterminado,Menores de Edad (<18 años),-,-,-,-,-,-,-,-
Arauca , Puerto Rondón,81591.0,Indeterminado,Mayores de Edad (>18 años),-,-,-,-,-,-,-,-
Arauca , Puerto Rondón,81591.0,INDETERMINADO,TOTAL,-,-,-,-,-,-,-,-
Arauca , Puerto Rondón,81591.0,TOTAL,,-,-,-,1,-,-,-,1
Arauca , Saravena,81736.0,Hombre,Menores de Edad (<18 años),-,-,-,1,-,-,1,2
Arauca , Saravena,81736.0,Hombre,Mayores de Edad (>18 años),-,-,-,23,-,-,1,24
Arauca , Saravena,81736.0,HOMBRE,TOTAL,-,-,-,24,-,-,2,26
Arauca , Saravena,81736.0,Mujer,Menores de Edad (<18 años),-,-,-,-,-,-,-,-
Arauca , Saravena,81736.0,Mujer,Mayores de Edad (>18 años),-,-,-,4,-,-,-,4
Arauca , Saravena,81736.0,MUJER,TOTAL,-,-,-,4,-,-,-,4
Arauca , Saravena,81736.0,Indeterminado,Menores de Edad (<18 años),-,-,-,-,-,-,-,-
Arauca , Saravena,81736.0,Indeterminado,Mayores de Edad (>18 años),-,-,-,-,-,-,-,-
Arauca , Saravena,81736.0,INDETERMINADO,TOTAL,-,-,-,-,-,-,-,-
Arauca , Saravena,81736.0,TOTAL,,-,-,-,28,-,-,2,30
Arauca , Tame,81794.0,Hombre,Menores de Edad (<18 años),-,-,1,-,-,-,-,1
Arauca , Tame,81794.0,Hombre,Mayores de Edad (>18 años),-,-,2,14,-,-,-,16
Arauca , Tame,81794.0,HOMBRE,TOTAL,-,-,3,14,-,-,-,17
Arauca , Tame,81794.0,Mujer,Menores de Edad (<18 años),-,-,-,-,-,-,-,-
Arauca , Tame,81794.0,Mujer,Mayores de Edad (>18 años),-,-,1,-,-,-,-,1
Arauca , Tame,81794.0,MUJER,TOTAL,-,-,1,-,-,-,-,1
Arauca , Tame,81794.0,Indeterminado,Menores de Edad (<18 años),-,-,-,-,-,-,-,-
Arauca , Tame,81794.0,Indeterminado,Mayores de Edad (>18 años),-,-,-,-,-,-,-,-
Arauca , Tame,81794.0,INDETERMINADO,TOTAL,-,-,-,-,-,-,-,-
Arauca , Tame,81794.0,TOTAL,,-,-,4,14,-,-,-,18
"Archipiélago de San Andrés, Providencia y Santa Catalina ", San Andrés,88001.0,Hombre,Menores de Edad (<18 años),-,-,-,1,-,-,-,1
"Archipiélago de San Andrés, Providencia y Santa Catalina ", San Andrés,88001.0,Hombre,Mayores de Edad (>18 años),-,-,-,21,1,14,-,36
"Archipiélago de San Andrés, Providencia y Santa Catalina ", San Andrés,88001.0,HOMBRE,TOTAL,-,-,-,22,1,14,-,37
"Archipiélago de San Andrés, Providencia y Santa Catalina ", San Andrés,88001.0,Mujer,Menores de Edad (<18 años),-,-,-,-,-,1,-,1
"Archipiélago de San Andrés, Providencia y Santa Catalina ", San Andrés,88001.0,Mujer,Mayores de Edad (>18 años),-,-,-,-,-,-,-,-
"Archipiélago de San Andrés, Providencia y Santa Catalina ", San Andrés,88001.0,MUJER,TOTAL,-,-,-,-,-,1,-,1
"Archipiélago de San Andrés, Providencia y Santa Catalina ", San Andrés,88001.0,Indeterminado,Menores de Edad (<18 años),-,-,-,-,-,-,-,-
"Archipiélago de San Andrés, Providencia y Santa Catalina ", San Andrés,88001.0,Indeterminado,Mayores de Edad (>18 años),-,-,-,-,-,-,-,-
"Archipiélago de San Andrés, Providencia y Santa Catalina ", San Andrés,88001.0,INDETERMINADO,TOTAL,-,-,-,-,-,-,-,-
"Archipiélago de San Andrés, Providencia y Santa Catalina ", San Andrés,88001.0,TOTAL,,-,-,-,22,1,15,-,38
Atlántico , Baranoa,8078.0,Hombre,Menores de Edad (<18 años),-,-,-,-,-,-,-,-
Atlántico , Baranoa,8078.0,Hombre,Mayores de Edad (>18 años),-,-,-,2,-,-,-,2
Atlántico , Baranoa,8078.0,HOMBRE,TOTAL,-,-,-,2,-,-,-,2
Atlántico , Baranoa,8078.0,Mujer,Menores de Edad (<18 años),-,-,-,-,-,-,-,-
Atlántico , Baranoa,8078.0,Mujer,Mayores de Edad (>18 años),-,-,-,1,-,-,-,1
Atlántico , Baranoa,8078.0,MUJER,TOTAL,-,-,-,1,-,-,-,1
Atlántico , Baranoa,8078.0,Indeterminado,Menores de Edad (<18 años),-,-,-,-,-,-,-,-
Atlántico , Baranoa,8078.0,Indeterminado,Mayores de Edad (>18 años),-,-,-,-,-,-,-,-
Atlántico , Baranoa,8078.0,INDETERMINADO,TOTAL,-,-,-,-,-,-,-,-
Atlántico , Baranoa,8078.0,TOTAL,,-,-,-,3,-,-,-,3
Atlántico , Barranquilla,8001.0,Hombre,Menores de Edad (<18 años),-,-,-,8,1,-,3,12
Atlántico , Barranquilla,8001.0,Hombre,Mayores de Edad (>18 años),-,2,-,222,1,9,40,274
Atlántico , Barranquilla,8001.0,HOMBRE,TOTAL,-,2,-,230,2,9,43,286
Atlántico , Barranquilla,8001.0,Mujer,Menores de Edad (<18 años),-,-,-,3,-,-,1,4
Atlántico , Barranquilla,8001.0,Mujer,Mayores de Edad (>18 años),-,-,-,14,-,-,1,15
Atlántico , Barranquilla,8001.0,MUJER,TOTAL,-,-,-,17,-,-,2,19
Atlántico , Barranquilla,8001.0,Indeterminado,Menores de Edad (<18 años),-,-,-,-,-,-,-,-
Atlántico , Barranquilla,8001.0,Indeterminado,Mayores de Edad (>18 años),-,-,-,-,-,-,-,-
Atlántico , Barranquilla,8001.0,INDETERMINADO,TOTAL,-,-,-,-,-,-,-,-
Atlántico , Barranquilla,8001.0,TOTAL,,-,2,-,247,2,9,45,305
Atlántico , Campo de la Cruz,8137.0,Hombre,Menores de Edad (<18 años),-,-,-,-,-,-,-,-
Atlántico , Campo de la Cruz,8137.0,Hombre,Mayores de Edad (>18 años),-,-,-,1,-,-,-,1
Atlántico , Campo de la Cruz,8137.0,HOMBRE,TOTAL,-,-,-,1,-,-,-,1
Atlántico , Campo de la Cruz,8137.0,Mujer,Menores de Edad (<18 años),-,-,-,-,-,-,-,-
Atlántico , Campo de la Cruz,8137.0,Mujer,Mayores de Edad (>18 años),-,-,-,-,-,-,-,-
Atlántico , Campo de la Cruz,8137.0,MUJER,TOTAL,-,-,-,-,-,-,-,-
Atlántico , Campo de la Cruz,8137.0,Indeterminado,Menores de Edad (<18 años),-,-,-,-,-,-,-,-
Atlántico , Campo de la Cruz,8137.0,Indeterminado,Mayores de Edad (>18 años),-,-,-,-,-,-,-,-
Atlántico , Campo de la Cruz,8137.0,INDETERMINADO,TOTAL,-,-,-,-,-,-,-,-
Atlántico , Campo de la Cruz,8137.0,TOTAL,,-,-,-,1,-,-,-,1
Atlántico , Candelaria,8141.0,Hombre,Menores de Edad (<18 años),-,-,-,-,-,-,-,-
Atlántico , Candelaria,8141.0,Hombre,Mayores de Edad (>18 años),-,-,-,1,-,-,-,1
Atlántico , Candelaria,8141.0,HOMBRE,TOTAL,-,-,-,1,-,-,-,1
Atlántico , Candelaria,8141.0,Mujer,Menores de Edad (<18 años),-,-,-,-,-,-,-,-
Atlántico , Candelaria,8141.0,Mujer,Mayores de Edad (>18 años),-,-,-,-,-,-,-,-
Atlántico , Candelaria,8141.0,MUJER,TOTAL,-,-,-,-,-,-,-,-
Atlántico , Candelaria,8141.0,Indeterminado,Menores de Edad (<18 años),-,-,-,-,-,-,-,-
Atlántico , Candelaria,8141.0,Indeterminado,Mayores de Edad (>18 años),-,-,-,-,-,-,-,-
Atlántico , Candelaria,8141.0,INDETERMINADO,TOTAL,-,-,-,-,-,-,-,-
Atlántico , Candelaria,8141.0,TOTAL,,-,-,-,1,-,-,-,1
Atlántico , Galapa,8296.0,Hombre,Menores de Edad (<18 años),-,-,-,-,-,-,-,-
Atlántico , Galapa,8296.0,Hombre,Mayores de Edad (>18 años),-,-,-,3,-,-,-,3
Atlántico , Galapa,8296.0,HOMBRE,TOTAL,-,-,-,3,-,-,-,3
Atlántico , Galapa,8296.0,Mujer,Menores de Edad (<18 años),-,-,-,-,-,-,-,-
Atlántico , Galapa,8296.0,Mujer,Mayores de Edad (>18 años),-,-,-,-,-,-,-,-
Atlántico , Galapa,8296.0,MUJER,TOTAL,-,-,-,-,-,-,-,-
Atlántico , Galapa,8296.0,Indeterminado,Menores de Edad (<18 años),-,-,-,-,-,-,-,-
Atlántico , Galapa,8296.0,Indeterminado,Mayores de Edad (>18 años),-,-,-,-,-,-,-,-
Atlántico , Galapa,8296.0,INDETERMINADO,TOTAL,-,-,-,-,-,-,-,-
Atlántico , Galapa,8296.0,TOTAL,,-,-,-,3,-,-,-,3
Atlántico , Juan de Acosta,8372.0,Hombre,Menores de Edad (<18 años),-,-,-,-,-,-,-,-
Atlántico , Juan de Acosta,8372.0,Hombre,Mayores de Edad (>18 años),-,-,-,1,-,-,-,1
Atlántico , Juan de Acosta,8372.0,HOMBRE,TOTAL,-,-,-,1,-,-,-,1
Atlántico , Juan de Acosta,8372.0,Mujer,Menores de Edad (<18 años),-,-,-,-,-,-,-,-
Atlántico , Juan de Acosta,8372.0,Mujer,Mayores de Edad (>18 años),-,-,-,-,-,-,-,-
Atlántico , Juan de Acosta,8372.0,MUJER,TOTAL,-,-,-,-,-,-,-,-
Atlántico , Juan de Acosta,8372.0,Indeterminado,Menores de Edad (<18 años),-,-,-,-,-,-,-,-
Atlántico , Juan de Acosta,8372.0,Indeterminado,Mayores de Edad (>18 años),-,-,-,-,-,-,-,-
Atlántico , Juan de Acosta,8372.0,INDETERMINADO,TOTAL,-,-,-,-,-,-,-,-
Atlántico , Juan de Acosta,8372.0,TOTAL,,-,-,-,1,-,-,-,1
Atlántico , Luruaco,8421.0,Hombre,Menores de Edad (<18 años),-,-,-,-,-,-,-,-
Atlántico , Luruaco,8421.0,Hombre,Mayores de Edad (>18 años),-,-,-,3,-,-,-,3
Atlántico , Luruaco,8421.0,HOMBRE,TOTAL,-,-,-,3,-,-,-,3
Atlántico , Luruaco,8421.0,Mujer,Menores de Edad (<18 años),-,-,-,-,-,-,-,-
Atlántico , Luruaco,8421.0,Mujer,Mayores de Edad (>18 años),-,-,-,-,-,-,-,-
Atlántico , Luruaco,8421.0,MUJER,TOTAL,-,-,-,-,-,-,-,-
Atlántico , Luruaco,8421.0,Indeterminado,Menores de Edad (<18 años),-,-,-,-,-,-,-,-
Atlántico , Luruaco,8421.0,Indeterminado,Mayores de Edad (>18 años),-,-,-,-,-,-,-,-
Atlántico , Luruaco,8421.0,INDETERMINADO,TOTAL,-,-,-,-,-,-,-,-
Atlántico , Luruaco,8421.0,TOTAL,,-,-,-,3,-,-,-,3
Atlántico , Malambo,8433.0,Hombre,Menores de Edad (<18 años),-,-,-,1,-,-,-,1
Atlántico , Malambo,8433.0,Hombre,Mayores de Edad (>18 años),-,-,1,26,-,-,1,28
Atlántico , Malambo,8433.0,HOMBRE,TOTAL,-,-,1,27,-,-,1,29
Atlántico , Malambo,8433.0,Mujer,Menores de Edad (<18 años),-,-,-,-,-,-,-,-
Atlántico , Malambo,8433.0,Mujer,Mayores de Edad (>18 años),-,-,-,2,-,-,-,2
Atlántico , Malambo,8433.0,MUJER,TOTAL,-,-,-,2,-,-,-,2
Atlántico , Malambo,8433.0,Indeterminado,Menores de Edad (<18 años),-,-,-,-,-,-,-,-
Atlántico , Malambo,8433.0,Indeterminado,Mayores de Edad (>18 años),-,-,-,-,-,-,-,-
Atlántico , Malambo,8433.0,INDETERMINADO,TOTAL,-,-,-,-,-,-,-,-
Atlántico , Malambo,8433.0,TOTAL,,-,-,1,29,-,-,1,31
Atlántico , Palmar de Varela,8520.0,Hombre,Menores de Edad (<18 años),-,-,-,-,-,-,-,-
Atlántico , Palmar de Varela,8520.0,Hombre,Mayores de Edad (>18 años),-,-,-,2,-,-,-,2
Atlántico , Palmar de Varela,8520.0,HOMBRE,TOTAL,-,-,-,2,-,-,-,2
Atlántico , Palmar de Varela,8520.0,Mujer,Menores de Edad (<18 años),-,-,-,-,-,-,-,-
Atlántico , Palmar de Varela,8520.0,Mujer,Mayores de Edad (>18 años),-,-,-,-,-,-,-,-
Atlántico , Palmar de Varela,8520.0,MUJER,TOTAL,-,-,-,-,-,-,-,-
Atlántico , Palmar de Varela,8520.0,Indeterminado,Menores de Edad (<18 años),-,-,-,-,-,-,-,-
Atlántico , Palmar de Varela,8520.0,Indeterminado,Mayores de Edad (>18 años),-,-,-,-,-,-,-,-
Atlántico , Palmar de Varela,8520.0,INDETERMINADO,TOTAL,-,-,-,-,-,-,-,-
Atlántico , Palmar de Varela,8520.0,TOTAL,,-,-,-,2,-,-,-,2
Atlántico , Polonuevo,8558.0,Hombre,Menores de Edad (<18 años),-,-,-,-,-,-,-,-
Atlántico , Polonuevo,8558.0,Hombre,Mayores de Edad (>18 años),-,-,-,3,-,-,-,3
Atlántico , Polonuevo,8558.0,HOMBRE,TOTAL,-,-,-,3,-,-,-,3
Atlántico , Polonuevo,8558.0,Mujer,Menores de Edad (<18 años),-,-,-,-,-,-,-,-
Atlántico , Polonuevo,8558.0,Mujer,Mayores de Edad (>18 años),-,-,-,-,-,-,-,-
Atlántico , Polonuevo,8558.0,MUJER,TOTAL,-,-,-,-,-,-,-,-
Atlántico , Polonuevo,8558.0,Indeterminado,Menores de Edad (<18 años),-,-,-,-,-,-,-,-
Atlántico , Polonuevo,8558.0,Indeterminado,Mayores de Edad (>18 años),-,-,-,-,-,-,-,-
Atlántico , Polonuevo,8558.0,INDETERMINADO,TOTAL,-,-,-,-,-,-,-,-
Atlántico , Polonuevo,8558.0,TOTAL,,-,-,-,3,-,-,-,3
Atlántico , Ponedera,8560.0,Hombre,Menores de Edad (<18 años),-,-,-,-,-,-,-,-
Atlántico , Ponedera,8560.0,Hombre,Mayores de Edad (>18 años),-,-,-,1,-,-,-,1
Atlántico , Ponedera,8560.0,HOMBRE,TOTAL,-,-,-,1,-,-,-,1
Atlántico , Ponedera,8560.0,Mujer,Menores de Edad (<18 años),-,-,-,-,-,-,-,-
Atlántico , Ponedera,8560.0,Mujer,Mayores de Edad (>18 años),-,-,-,-,-,-,-,-
Atlántico , Ponedera,8560.0,MUJER,TOTAL,-,-,-,-,-,-,-,-
Atlántico , Ponedera,8560.0,Indeterminado,Menores de Edad (<18 años),-,-,-,-,-,-,-,-
Atlántico , Ponedera,8560.0,Indeterminado,Mayores de Edad (>18 años),-,-,-,-,-,-,-,-
Atlántico , Ponedera,8560.0,INDETERMINADO,TOTAL,-,-,-,-,-,-,-,-
Atlántico , Ponedera,8560.0,TOTAL,,-,-,-,1,-,-,-,1
Atlántico , Puerto Colombia,8573.0,Hombre,Menores de Edad (<18 años),-,-,-,-,-,-,-,-
Atlántico , Puerto Colombia,8573.0,Hombre,Mayores de Edad (>18 años),-,1,-,7,-,-,1,9
Atlántico , Puerto Colombia,8573.0,HOMBRE,TOTAL,-,1,-,7,-,-,1,9
Atlántico , Puerto Colombia,8573.0,Mujer,Menores de Edad (<18 años),-,-,-,-,-,-,-,-
Atlántico , Puerto Colombia,8573.0,Mujer,Mayores de Edad (>18 años),-,-,-,1,-,-,-,1
Atlántico , Puerto Colombia,8573.0,MUJER,TOTAL,-,-,-,1,-,-,-,1
Atlántico , Puerto Colombia,8573.0,Indeterminado,Menores de Edad (<18 años),-,-,-,-,-,-,-,-
Atlántico , Puerto Colombia,8573.0,Indeterminado,Mayores de Edad (>18 años),-,-,-,-,-,-,-,-
Atlántico , Puerto Colombia,8573.0,INDETERMINADO,TOTAL,-,-,-,-,-,-,-,-
Atlántico , Puerto Colombia,8573.0,TOTAL,,-,1,-,8,-,-,1,10
Atlántico , Repelón,8606.0,Hombre,Menores de Edad (<18 años),-,-,-,-,-,-,-,-
Atlántico , Repelón,8606.0,Hombre,Mayores de Edad (>18 años),-,-,-,4,-,-,-,4
Atlántico , Repelón,8606.0,HOMBRE,TOTAL,-,-,-,4,-,-,-,4
Atlántico , Repelón,8606.0,Mujer,Menores de Edad (<18 años),-,-,-,-,-,-,-,-
Atlántico , Repelón,8606.0,Mujer,Mayores de Edad (>18 años),-,-,-,-,-,-,-,-
Atlántico , Repelón,8606.0,MUJER,TOTAL,-,-,-,-,-,-,-,-
Atlántico , Repelón,8606.0,Indeterminado,Menores de Edad (<18 años),-,-,-,-,-,-,-,-
Atlántico , Repelón,8606.0,Indeterminado,Mayores de Edad (>18 años),-,-,-,-,-,-,-,-
Atlántico , Repelón,8606.0,INDETERMINADO,TOTAL,-,-,-,-,-,-,-,-
Atlántico , Repelón,8606.0,TOTAL,,-,-,-,4,-,-,-,4
Atlántico , Sabanagrande,8634.0,Hombre,Menores de Edad (<18 años),-,-,-,-,-,-,-,-
Atlántico , Sabanagrande,8634.0,Hombre,Mayores de Edad (>18 años),-,-,-,2,-,-,-,2
Atlántico , Sabanagrande,8634.0,HOMBRE,TOTAL,-,-,-,2,-,-,-,2
Atlántico , Sabanagrande,8634.0,Mujer,Menores de Edad (<18 años),-,-,-,-,-,-,-,-
Atlántico , Sabanagrande,8634.0,Mujer,Mayores de Edad (>18 años),-,-,-,-,-,-,-,-
Atlántico , Sabanagrande,8634.0,MUJER,TOTAL,-,-,-,-,-,-,-,-
Atlántico , Sabanagrande,8634.0,Indeterminado,Menores de Edad (<18 años),-,-,-,-,-,-,-,-
Atlántico , Sabanagrande,8634.0,Indeterminado,Mayores de Edad (>18 años),-,-,-,-,-,-,-,-
Atlántico , Sabanagrande,8634.0,INDETERMINADO,TOTAL,-,-,-,-,-,-,-,-
Atlántico , Sabanagrande,8634.0,TOTAL,,-,-,-,2,-,-,-,2
Atlántico , Sabanalarga,8638.0,Hombre,Menores de Edad (<18 años),-,-,-,-,-,-,-,-
Atlántico , Sabanalarga,8638.0,Hombre,Mayores de Edad (>18 años),-,-,-,7,-,-,-,7
Atlántico , Sabanalarga,8638.0,HOMBRE,TOTAL,-,-,-,7,-,-,-,7
Atlántico , Sabanalarga,8638.0,Mujer,Menores de Edad (<18 años),-,-,-,1,-,-,-,1
Atlántico , Sabanalarga,8638.0,Mujer,Mayores de Edad (>18 años),-,-,-,-,-,-,-,-
Atlántico , Sabanalarga,8638.0,MUJER,TOTAL,-,-,-,1,-,-,-,1
Atlántico , Sabanalarga,8638.0,Indeterminado,Menores de Edad (<18 años),-,-,-,-,-,-,-,-
Atlántico , Sabanalarga,8638.0,Indeterminado,Mayores de Edad (>18 años),-,-,-,-,-,-,-,-
Atlántico , Sabanalarga,8638.0,INDETERMINADO,TOTAL,-,-,-,-,-,-,-,-
Atlántico , Sabanalarga,8638.0,TOTAL,,-,-,-,8,-,-,-,8
Atlántico , Santo Tomás,8685.0,Hombre,Menores de Edad (<18 años),-,-,-,-,-,-,-,-
Atlántico , Santo Tomás,8685.0,Hombre,Mayores de Edad (>18 años),-,-,-,-,-,-,-,-
Atlántico , Santo Tomás,8685.0,HOMBRE,TOTAL,-,-,-,-,-,-,-,-
Atlántico , Santo Tomás,8685.0,Mujer,Menores de Edad (<18 años),-,-,-,-,-,-,-,-
Atlántico , Santo Tomás,8685.0,Mujer,Mayores de Edad (>18 años),-,-,-,1,-,-,-,1
Atlántico , Santo Tomás,8685.0,MUJER,TOTAL,-,-,-,1,-,-,-,1
Atlántico , Santo Tomás,8685.0,Indeterminado,Menores de Edad (<18 años),-,-,-,-,-,-,-,-
Atlántico , Santo Tomás,8685.0,Indeterminado,Mayores de Edad (>18 años),-,-,-,-,-,-,-,-
Atlántico , Santo Tomás,8685.0,INDETERMINADO,TOTAL,-,-,-,-,-,-,-,-
Atlántico , Santo Tomás,8685.0,TOTAL,,-,-,-,1,-,-,-,1
Atlántico , Soledad,8758.0,Hombre,Menores de Edad (<18 años),-,-,-,3,-,-,-,3
Atlántico , Soledad,8758.0,Hombre,Mayores de Edad (>18 años),-,-,-,115,-,3,17,135
Atlántico , Soledad,8758.0,HOMBRE,TOTAL,-,-,-,118,-,3,17,138
Atlántico , Soledad,8758.0,Mujer,Menores de Edad (<18 años),-,-,-,1,-,-,-,1
Atlántico , Soledad,8758.0,Mujer,Mayores de Edad (>18 años),-,-,-,9,-,-,3,12
Atlántico , Soledad,8758.0,MUJER,TOTAL,-,-,-,10,-,-,3,13
Atlántico , Soledad,8758.0,Indeterminado,Menores de Edad (<18 años),-,-,-,-,-,-,-,-
Atlántico , Soledad,8758.0,Indeterminado,Mayores de Edad (>18 años),-,-,-,-,-,-,-,-
Atlántico , Soledad,8758.0,INDETERMINADO,TOTAL,-,-,-,-,-,-,-,-
Atlántico , Soledad,8758.0,TOTAL,,-,-,-,128,-,3,20,151
Atlántico , Tubará,8832.0,Hombre,Menores de Edad (<18 años),-,-,-,-,-,-,-,-
Atlántico , Tubará,8832.0,Hombre,Mayores de Edad (>18 años),-,-,-,1,-,-,-,1
Atlántico , Tubará,8832.0,HOMBRE,TOTAL,-,-,-,1,-,-,-,1
Atlántico , Tubará,8832.0,Mujer,Menores de Edad (<18 años),-,-,-,-,-,-,-,-
Atlántico , Tubará,8832.0,Mujer,Mayores de Edad (>18 años),-,-,-,-,-,-,-,-
Atlántico , Tubará,8832.0,MUJER,TOTAL,-,-,-,-,-,-,-,-
Atlántico , Tubará,8832.0,Indeterminado,Menores de Edad (<18 años),-,-,-,-,-,-,-,-
Atlántico , Tubará,8832.0,Indeterminado,Mayores de Edad (>18 años),-,-,-,-,-,-,-,-
Atlántico , Tubará,8832.0,INDETERMINADO,TOTAL,-,-,-,-,-,-,-,-
Atlántico , Tubará,8832.0,TOTAL,,-,-,-,1,-,-,-,1
"Bogotá, D.C. "," Bogotá, D.C.",11001.0,Hombre,Menores de Edad (<18 años),-,-,-,26,-,-,9,35
"Bogotá, D.C. "," Bogotá, D.C.",11001.0,Hombre,Mayores de Edad (>18 años),-,21,-,676,6,22,185,910
"Bogotá, D.C. "," Bogotá, D.C.",11001.0,HOMBRE,TOTAL,-,21,-,702,6,22,194,945
"Bogotá, D.C. "," Bogotá, D.C.",11001.0,Mujer,Menores de Edad (<18 años),-,1,-,6,-,-,2,9
"Bogotá, D.C. "," Bogotá, D.C.",11001.0,Mujer,Mayores de Edad (>18 años),-,3,-,67,2,1,13,86
"Bogotá, D.C. "," Bogotá, D.C.",11001.0,MUJER,TOTAL,-,4,-,73,2,1,15,95
"Bogotá, D.C. "," Bogotá, D.C.",11001.0,Indeterminado,Menores de Edad (<18 años),-,-,-,-,-,-,-,-
"Bogotá, D.C. "," Bogotá, D.C.",11001.0,Indeterminado,Mayores de Edad (>18 años),-,-,-,-,-,-,-,-
"Bogotá, D.C. "," Bogotá, D.C.",11001.0,INDETERMINADO,TOTAL,-,-,-,-,-,-,-,-
"Bogotá, D.C. "," Bogotá, D.C.",11001.0,TOTAL,,-,25,-,775,8,23,209,1040
Bolívar , Achí,13006.0,Hombre,Menores de Edad (<18 años),-,-,-,-,-,-,-,-
Bolívar , Achí,13006.0,Hombre,Mayores de Edad (>18 años),-,-,-,1,-,-,-,1
Bolívar , Achí,13006.0,HOMBRE,TOTAL,-,-,-,1,-,-,-,1
Bolívar , Achí,13006.0,Mujer,Menores de Edad (<18 años),-,-,-,-,-,-,-,-
Bolívar , Achí,13006.0,Mujer,Mayores de Edad (>18 años),-,-,-,-,-,-,-,-
Bolívar , Achí,13006.0,MUJER,TOTAL,-,-,-,-,-,-,-,-
Bolívar , Achí,13006.0,Indeterminado,Menores de Edad (<18 años),-,-,-,-,-,-,-,-
Bolívar , Achí,13006.0,Indeterminado,Mayores de Edad (>18 años),-,-,-,-,-,-,-,-
Bolívar , Achí,13006.0,INDETERMINADO,TOTAL,-,-,-,-,-,-,-,-
Bolívar , Achí,13006.0,TOTAL,,-,-,-,1,-,-,-,1
Bolívar , Arenal,13042.0,Hombre,Menores de Edad (<18 años),-,-,-,-,-,-,-,-
Bolívar , Arenal,13042.0,Hombre,Mayores de Edad (>18 años),-,-,-,1,1,-,-,2
Bolívar , Arenal,13042.0,HOMBRE,TOTAL,-,-,-,1,1,-,-,2
Bolívar , Arenal,13042.0,Mujer,Menores de Edad (<18 años),-,-,-,-,-,-,-,-
Bolívar , Arenal,13042.0,Mujer,Mayores de Edad (>18 años),-,-,-,-,-,-,1,1
Bolívar , Arenal,13042.0,MUJER,TOTAL,-,-,-,-,-,-,1,1
Bolívar , Arenal,13042.0,Indeterminado,Menores de Edad (<18 años),-,-,-,-,-,-,-,-
Bolívar , Arenal,13042.0,Indeterminado,Mayores de Edad (>18 años),-,-,-,-,-,-,-,-
Bolívar , Arenal,13042.0,INDETERMINADO,TOTAL,-,-,-,-,-,-,-,-
Bolívar , Arenal,13042.0,TOTAL,,-,-,-,1,1,-,1,3
Bolívar , Arjona,13052.0,Hombre,Menores de Edad (<18 años),-,-,-,-,-,-,-,-
Bolívar , Arjona,13052.0,Hombre,Mayores de Edad (>18 años),-,2,-,8,-,3,1,14
Bolívar , Arjona,13052.0,HOMBRE,TOTAL,-,2,-,8,-,3,1,14
Bolívar , Arjona,13052.0,Mujer,Menores de Edad (<18 años),-,-,-,-,-,1,-,1
Bolívar , Arjona,13052.0,Mujer,Mayores de Edad (>18 años),-,-,-,1,-,-,-,1
Bolívar , Arjona,13052.0,MUJER,TOTAL,-,-,-,1,-,1,-,2
Bolívar , Arjona,13052.0,Indeterminado,Menores de Edad (<18 años),-,-,-,-,-,-,-,-
Bolívar , Arjona,13052.0,Indeterminado,Mayores de Edad (>18 años),-,-,-,-,-,-,-,-
Bolívar , Arjona,13052.0,INDETERMINADO,TOTAL,-,-,-,-,-,-,-,-
Bolívar , Arjona,13052.0,TOTAL,,-,2,-,9,-,4,1,16
Bolívar , Barranco de Loba,13074.0,Hombre,Menores de Edad (<18 años),-,-,-,1,-,-,-,1
Bolívar , Barranco de Loba,13074.0,Hombre,Mayores de Edad (>18 años),-,-,-,1,-,-,1,2
Bolívar , Barranco de Loba,13074.0,HOMBRE,TOTAL,-,-,-,2,-,-,1,3
Bolívar , Barranco de Loba,13074.0,Mujer,Menores de Edad (<18 años),-,-,-,-,-,-,-,-
Bolívar , Barranco de Loba,13074.0,Mujer,Mayores de Edad (>18 años),-,-,-,1,-,-,-,1
Bolívar , Barranco de Loba,13074.0,MUJER,TOTAL,-,-,-,1,-,-,-,1
Bolívar , Barranco de Loba,13074.0,Indeterminado,Menores de Edad (<18 años),-,-,-,-,-,-,-,-
Bolívar , Barranco de Loba,13074.0,Indeterminado,Mayores de Edad (>18 años),-,-,-,-,-,-,-,-
Bolívar , Barranco de Loba,13074.0,INDETERMINADO,TOTAL,-,-,-,-,-,-,-,-
Bolívar , Barranco de Loba,13074.0,TOTAL,,-,-,-,3,-,-,1,4
Bolívar , Cartagena de Indias,13001.0,Hombre,Menores de Edad (<18 años),-,-,-,3,3,1,1,8
Bolívar , Cartagena de Indias,13001.0,Hombre,Mayores de Edad (>18 años),1,3,-,131,35,38,5,213
Bolívar , Cartagena de Indias,13001.0,HOMBRE,TOTAL,1,3,-,134,38,39,6,221
Bolívar , Cartagena de Indias,13001.0,Mujer,Menores de Edad (<18 años),-,-,-,-,-,-,-,-
Bolívar , Cartagena de Indias,13001.0,Mujer,Mayores de Edad (>18 años),-,-,-,6,2,3,1,12
Bolívar , Cartagena de Indias,13001.0,MUJER,TOTAL,-,-,-,6,2,3,1,12
Bolívar , Cartagena de Indias,13001.0,Indeterminado,Menores de Edad (<18 años),-,-,-,-,-,-,-,-
Bolívar , Cartagena de Indias,13001.0,Indeterminado,Mayores de Edad (>18 años),-,-,-,-,-,-,-,-
Bolívar , Cartagena de Indias,13001.0,INDETERMINADO,TOTAL,-,-,-,-,-,-,-,-
Bolívar , Cartagena de Indias,13001.0,TOTAL,,1,3,-,140,40,42,7,233
Bolívar , Cicuco,13188.0,Hombre,Menores de Edad (<18 años),-,-,-,-,-,-,-,-
Bolívar , Cicuco,13188.0,Hombre,Mayores de Edad (>18 años),-,-,-,1,-,-,-,1
Bolívar , Cicuco,13188.0,HOMBRE,TOTAL,-,-,-,1,-,-,-,1
Bolívar , Cicuco,13188.0,Mujer,Menores de Edad (<18 años),-,-,-,-,-,-,-,-
Bolívar , Cicuco,13188.0,Mujer,Mayores de Edad (>18 años),-,-,-,-,-,-,-,-
Bolívar , Cicuco,13188.0,MUJER,TOTAL,-,-,-,-,-,-,-,-
Bolívar , Cicuco,13188.0,Indeterminado,Menores de Edad (<18 años),-,-,-,-,-,-,-,-
Bolívar , Cicuco,13188.0,Indeterminado,Mayores de Edad (>18 años),-,-,-,-,-,-,-,-
Bolívar , Cicuco,13188.0,INDETERMINADO,TOTAL,-,-,-,-,-,-,-,-
Bolívar , Cicuco,13188.0,TOTAL,,-,-,-,1,-,-,-,1
Bolívar , Clemencia,13222.0,Hombre,Menores de Edad (<18 años),-,-,-,-,-,-,-,-
Bolívar , Clemencia,13222.0,Hombre,Mayores de Edad (>18 años),-,-,-,-,3,2,-,5
Bolívar , Clemencia,13222.0,HOMBRE,TOTAL,-,-,-,-,3,2,-,5
Bolívar , Clemencia,13222.0,Mujer,Menores de Edad (<18 años),-,-,-,-,-,-,-,-
Bolívar , Clemencia,13222.0,Mujer,Mayores de Edad (>18 años),-,-,-,-,-,-,-,-
Bolívar , Clemencia,13222.0,MUJER,TOTAL,-,-,-,-,-,-,-,-
Bolívar , Clemencia,13222.0,Indeterminado,Menores de Edad (<18 años),-,-,-,-,-,-,-,-
Bolívar , Clemencia,13222.0,Indeterminado,Mayores de Edad (>18 años),-,-,-,-,-,-,-,-
Bolívar , Clemencia,13222.0,INDETERMINADO,TOTAL,-,-,-,-,-,-,-,-
Bolívar , Clemencia,13222.0,TOTAL,,-,-,-,-,3,2,-,5
Bolívar , Córdoba,13212.0,Hombre,Menores de Edad (<18 años),-,-,-,-,-,-,-,-
Bolívar , Córdoba,13212.0,Hombre,Mayores de Edad (>18 años),-,-,-,1,-,-,-,1
Bolívar , Córdoba,13212.0,HOMBRE,TOTAL,-,-,-,1,-,-,-,1
Bolívar , Córdoba,13212.0,Mujer,Menores de Edad (<18 años),-,-,-,-,-,-,-,-
Bolívar , Córdoba,13212.0,Mujer,Mayores de Edad (>18 años),-,-,-,-,-,-,-,-
Bolívar , Córdoba,13212.0,MUJER,TOTAL,-,-,-,-,-,-,-,-
Bolívar , Córdoba,13212.0,Indeterminado,Menores de Edad (<18 años),-,-,-,-,-,-,-,-
Bolívar , Córdoba,13212.0,Indeterminado,Mayores de Edad (>18 años),-,-,-,-,-,-,-,-
Bolívar , Córdoba,13212.0,INDETERMINADO,TOTAL,-,-,-,-,-,-,-,-
Bolívar , Córdoba,13212.0,TOTAL,,-,-,-,1,-,-,-,1
Bolívar , El Carmen de Bolívar,13244.0,Hombre,Menores de Edad (<18 años),-,-,-,1,-,-,-,1
Bolívar , El Carmen de Bolívar,13244.0,Hombre,Mayores de Edad (>18 años),-,-,-,21,-,1,-,22
Bolívar , El Carmen de Bolívar,13244.0,HOMBRE,TOTAL,-,-,-,22,-,1,-,23
Bolívar , El Carmen de Bolívar,13244.0,Mujer,Menores de Edad (<18 años),-,-,-,-,-,-,-,-
Bolívar , El Carmen de Bolívar,13244.0,Mujer,Mayores de Edad (>18 años),-,-,-,-,-,-,-,-
Bolívar , El Carmen de Bolívar,13244.0,MUJER,TOTAL,-,-,-,-,-,-,-,-
Bolívar , El Carmen de Bolívar,13244.0,Indeterminado,Menores de Edad (<18 años),-,-,-,-,-,-,-,-
Bolívar , El Carmen de Bolívar,13244.0,Indeterminado,Mayores de Edad (>18 años),-,-,-,-,-,-,-,-
Bolívar , El Carmen de Bolívar,13244.0,INDETERMINADO,TOTAL,-,-,-,-,-,-,-,-
Bolívar , El Carmen de Bolívar,13244.0,TOTAL,,-,-,-,22,-,1,-,23
Bolívar , Hatillo de Loba,13300.0,Hombre,Menores de Edad (<18 años),-,-,-,-,-,-,-,-
Bolívar , Hatillo de Loba,13300.0,Hombre,Mayores de Edad (>18 años),-,-,-,2,-,-,-,2
Bolívar , Hatillo de Loba,13300.0,HOMBRE,TOTAL,-,-,-,2,-,-,-,2
Bolívar , Hatillo de Loba,13300.0,Mujer,Menores de Edad (<18 años),-,-,-,-,-,-,-,-
Bolívar , Hatillo de Loba,13300.0,Mujer,Mayores de Edad (>18 años),-,-,-,-,-,-,-,-
Bolívar , Hatillo de Loba,13300.0,MUJER,TOTAL,-,-,-,-,-,-,-,-
Bolívar , Hatillo de Loba,13300.0,Indeterminado,Menores de Edad (<18 años),-,-,-,-,-,-,-,-
Bolívar , Hatillo de Loba,13300.0,Indeterminado,Mayores de Edad (>18 años),-,-,-,-,-,-,-,-
Bolívar , Hatillo de Loba,13300.0,INDETERMINADO,TOTAL,-,-,-,-,-,-,-,-
Bolívar , Hatillo de Loba,13300.0,TOTAL,,-,-,-,2,-,-,-,2
Bolívar , Magangué,13430.0,Hombre,Menores de Edad (<18 años),-,-,-,3,-,-,-,3
Bolívar , Magangué,13430.0,Hombre,Mayores de Edad (>18 años),-,-,-,15,-,-,-,15
Bolívar , Magangué,13430.0,HOMBRE,TOTAL,-,-,-,18,-,-,-,18
Bolívar , Magangué,13430.0,Mujer,Menores de Edad (<18 años),-,-,-,1,-,-,-,1
Bolívar , Magangué,13430.0,Mujer,Mayores de Edad (>18 años),-,-,-,-,-,-,-,-
Bolívar , Magangué,13430.0,MUJER,TOTAL,-,-,-,1,-,-,-,1
Bolívar , Magangué,13430.0,Indeterminado,Menores de Edad (<18 años),-,-,-,-,-,-,-,-
Bolívar , Magangué,13430.0,Indeterminado,Mayores de Edad (>18 años),-,-,-,-,-,-,-,-
Bolívar , Magangué,13430.0,INDETERMINADO,TOTAL,-,-,-,-,-,-,-,-
Bolívar , Magangué,13430.0,TOTAL,,-,-,-,19,-,-,-,19
Bolívar , Mahates,13433.0,Hombre,Menores de Edad (<18 años),-,-,-,-,-,1,-,1
Bolívar , Mahates,13433.0,Hombre,Mayores de Edad (>18 años),-,-,-,1,1,1,-,3
Bolívar , Mahates,13433.0,HOMBRE,TOTAL,-,-,-,1,1,2,-,4
Bolívar , Mahates,13433.0,Mujer,Menores de Edad (<18 años),-,-,-,1,-,-,-,1
Bolívar , Mahates,13433.0,Mujer,Mayores de Edad (>18 años),-,-,-,-,-,-,-,-
Bolívar , Mahates,13433.0,MUJER,TOTAL,-,-,-,1,-,-,-,1
Bolívar , Mahates,13433.0,Indeterminado,Menores de Edad (<18 años),-,-,-,-,-,-,-,-
Bolívar , Mahates,13433.0,Indeterminado,Mayores de Edad (>18 años),-,-,-,-,-,-,-,-
Bolívar , Mahates,13433.0,INDETERMINADO,TOTAL,-,-,-,-,-,-,-,-
Bolívar , Mahates,13433.0,TOTAL,,-,-,-,2,1,2,-,5
Bolívar , María la Baja,13442.0,Hombre,Menores de Edad (<18 años),-,-,-,-,-,-,-,-
Bolívar , María la Baja,13442.0,Hombre,Mayores de Edad (>18 años),-,-,-,4,1,3,2,10
Bolívar , María la Baja,13442.0,HOMBRE,TOTAL,-,-,-,4,1,3,2,10
Bolívar , María la Baja,13442.0,Mujer,Menores de Edad (<18 años),-,-,-,-,-,-,-,-
Bolívar , María la Baja,13442.0,Mujer,Mayores de Edad (>18 años),-,-,-,-,-,-,-,-
Bolívar , María la Baja,13442.0,MUJER,TOTAL,-,-,-,-,-,-,-,-
Bolívar , María la Baja,13442.0,Indeterminado,Menores de Edad (<18 años),-,-,-,-,-,-,-,-
Bolívar , María la Baja,13442.0,Indeterminado,Mayores de Edad (>18 años),-,-,-,-,-,-,-,-
Bolívar , María la Baja,13442.0,INDETERMINADO,TOTAL,-,-,-,-,-,-,-,-
Bolívar , María la Baja,13442.0,TOTAL,,-,-,-,4,1,3,2,10
Bolívar , Mompós,13468.0,Hombre,Menores de Edad (<18 años),-,-,-,1,-,-,-,1
Bolívar , Mompós,13468.0,Hombre,Mayores de Edad (>18 años),-,-,-,4,-,-,-,4
Bolívar , Mompós,13468.0,HOMBRE,TOTAL,-,-,-,5,-,-,-,5
Bolívar , Mompós,13468.0,Mujer,Menores de Edad (<18 años),-,-,-,-,-,-,-,-
Bolívar , Mompós,13468.0,Mujer,Mayores de Edad (>18 años),-,-,-,-,-,-,-,-
Bolívar , Mompós,13468.0,MUJER,TOTAL,-,-,-,-,-,-,-,-
Bolívar , Mompós,13468.0,Indeterminado,Menores de Edad (<18 años),-,-,-,-,-,-,-,-
Bolívar , Mompós,13468.0,Indeterminado,Mayores de Edad (>18 años),-,-,-,-,-,-,-,-
Bolívar , Mompós,13468.0,INDETERMINADO,TOTAL,-,-,-,-,-,-,-,-
Bolívar , Mompós,13468.0,TOTAL,,-,-,-,5,-,-,-,5
Bolívar , Montecristo,13458.0,Hombre,Menores de Edad (<18 años),-,-,-,-,-,-,-,-
Bolívar , Montecristo,13458.0,Hombre,Mayores de Edad (>18 años),-,-,-,5,-,1,-,6
Bolívar , Montecristo,13458.0,HOMBRE,TOTAL,-,-,-,5,-,1,-,6
Bolívar , Montecristo,13458.0,Mujer,Menores de Edad (<18 años),-,-,-,-,-,-,-,-
Bolívar , Montecristo,13458.0,Mujer,Mayores de Edad (>18 años),-,-,-,2,-,-,-,2
Bolívar , Montecristo,13458.0,MUJER,TOTAL,-,-,-,2,-,-,-,2
Bolívar , Montecristo,13458.0,Indeterminado,Menores de Edad (<18 años),-,-,-,-,-,-,-,-
Bolívar , Montecristo,13458.0,Indeterminado,Mayores de Edad (>18 años),-,-,-,-,-,-,-,-
Bolívar , Montecristo,13458.0,INDETERMINADO,TOTAL,-,-,-,-,-,-,-,-
Bolívar , Montecristo,13458.0,TOTAL,,-,-,-,7,-,1,-,8
Bolívar , Morales,13473.0,Hombre,Menores de Edad (<18 años),-,-,-,-,-,-,-,-
Bolívar , Morales,13473.0,Hombre,Mayores de Edad (>18 años),-,-,-,-,-,-,1,1
Bolívar , Morales,13473.0,HOMBRE,TOTAL,-,-,-,-,-,-,1,1
Bolívar , Morales,13473.0,Mujer,Menores de Edad (<18 años),-,-,-,-,-,-,-,-
Bolívar , Morales,13473.0,Mujer,Mayores de Edad (>18 años),-,-,-,-,-,-,-,-
Bolívar , Morales,13473.0,MUJER,TOTAL,-,-,-,-,-,-,-,-
Bolívar , Morales,13473.0,Indeterminado,Menores de Edad (<18 años),-,-,-,-,-,-,-,-
Bolívar , Morales,13473.0,Indeterminado,Mayores de Edad (>18 años),-,-,-,-,-,-,-,-
Bolívar , Morales,13473.0,INDETERMINADO,TOTAL,-,-,-,-,-,-,-,-
Bolívar , Morales,13473.0,TOTAL,,-,-,-,-,-,-,1,1
Bolívar , Norosí,13490.0,Hombre,Menores de Edad (<18 años),-,-,-,-,-,-,-,-
Bolívar , Norosí,13490.0,Hombre,Mayores de Edad (>18 años),-,1,1,3,-,-,-,5
Bolívar , Norosí,13490.0,HOMBRE,TOTAL,-,1,1,3,-,-,-,5
Bolívar , Norosí,13490.0,Mujer,Menores de Edad (<18 años),-,-,-,-,-,-,-,-
Bolívar , Norosí,13490.0,Mujer,Mayores de Edad (>18 años),-,-,-,-,-,-,-,-
Bolívar , Norosí,13490.0,MUJER,TOTAL,-,-,-,-,-,-,-,-
Bolívar , Norosí,13490.0,Indeterminado,Menores de Edad (<18 años),-,-,-,-,-,-,-,-
Bolívar , Norosí,13490.0,Indeterminado,Mayores de Edad (>18 años),-,-,-,-,-,-,-,-
Bolívar , Norosí,13490.0,INDETERMINADO,TOTAL,-,-,-,-,-,-,-,-
Bolívar , Norosí,13490.0,TOTAL,,-,1,1,3,-,-,-,5
Bolívar , Río Viejo,13600.0,Hombre,Menores de Edad (<18 años),-,-,-,1,-,-,-,1
Bolívar , Río Viejo,13600.0,Hombre,Mayores de Edad (>18 años),-,-,-,1,-,-,-,1
Bolívar , Río Viejo,13600.0,HOMBRE,TOTAL,-,-,-,2,-,-,-,2
Bolívar , Río Viejo,13600.0,Mujer,Menores de Edad (<18 años),-,-,-,-,-,-,-,-
Bolívar , Río Viejo,13600.0,Mujer,Mayores de Edad (>18 años),-,-,-,-,-,-,-,-
Bolívar , Río Viejo,13600.0,MUJER,TOTAL,-,-,-,-,-,-,-,-
Bolívar , Río Viejo,13600.0,Indeterminado,Menores de Edad (<18 años),-,-,-,-,-,-,-,-
Bolívar , Río Viejo,13600.0,Indeterminado,Mayores de Edad (>18 años),-,-,-,-,-,-,-,-
Bolívar , Río Viejo,13600.0,INDETERMINADO,TOTAL,-,-,-,-,-,-,-,-
Bolívar , Río Viejo,13600.0,TOTAL,,-,-,-,2,-,-,-,2
Bolívar , San Fernando,13650.0,Hombre,Menores de Edad (<18 años),-,-,-,-,-,-,-,-
Bolívar , San Fernando,13650.0,Hombre,Mayores de Edad (>18 años),-,-,-,-,-,-,-,-
Bolívar , San Fernando,13650.0,HOMBRE,TOTAL,-,-,-,-,-,-,-,-
Bolívar , San Fernando,13650.0,Mujer,Menores de Edad (<18 años),-,-,-,-,-,-,-,-
Bolívar , San Fernando,13650.0,Mujer,Mayores de Edad (>18 años),-,-,-,1,-,-,-,1
Bolívar , San Fernando,13650.0,MUJER,TOTAL,-,-,-,1,-,-,-,1
Bolívar , San Fernando,13650.0,Indeterminado,Menores de Edad (<18 años),-,-,-,-,-,-,-,-
Bolívar , San Fernando,13650.0,Indeterminado,Mayores de Edad (>18 años),-,-,-,-,-,-,-,-
Bolívar , San Fernando,13650.0,INDETERMINADO,TOTAL,-,-,-,-,-,-,-,-
Bolívar , San Fernando,13650.0,TOTAL,,-,-,-,1,-,-,-,1
Bolívar , San Jacinto,13654.0,Hombre,Menores de Edad (<18 años),-,-,-,-,-,-,-,-
Bolívar , San Jacinto,13654.0,Hombre,Mayores de Edad (>18 años),-,-,-,4,-,-,-,4
Bolívar , San Jacinto,13654.0,HOMBRE,TOTAL,-,-,-,4,-,-,-,4
Bolívar , San Jacinto,13654.0,Mujer,Menores de Edad (<18 años),-,-,-,-,-,-,-,-
Bolívar , San Jacinto,13654.0,Mujer,Mayores de Edad (>18 años),-,-,-,-,-,-,-,-
Bolívar , San Jacinto,13654.0,MUJER,TOTAL,-,-,-,-,-,-,-,-
Bolívar , San Jacinto,13654.0,Indeterminado,Menores de Edad (<18 años),-,-,-,-,-,-,-,-
Bolívar , San Jacinto,13654.0,Indeterminado,Mayores de Edad (>18 años),-,-,-,-,-,-,-,-
Bolívar , San Jacinto,13654.0,INDETERMINADO,TOTAL,-,-,-,-,-,-,-,-
Bolívar , San Jacinto,13654.0,TOTAL,,-,-,-,4,-,-,-,4
Bolívar , San Jacinto del Cauca,13655.0,Hombre,Menores de Edad (<18 años),-,-,-,-,-,-,-,-
Bolívar , San Jacinto del Cauca,13655.0,Hombre,Mayores de Edad (>18 años),-,-,-,1,-,-,-,1
Bolívar , San Jacinto del Cauca,13655.0,HOMBRE,TOTAL,-,-,-,1,-,-,-,1
Bolívar , San Jacinto del Cauca,13655.0,Mujer,Menores de Edad (<18 años),-,-,-,-,-,-,-,-
Bolívar , San Jacinto del Cauca,13655.0,Mujer,Mayores de Edad (>18 años),-,-,-,-,-,-,-,-
Bolívar , San Jacinto del Cauca,13655.0,MUJER,TOTAL,-,-,-,-,-,-,-,-
Bolívar , San Jacinto del Cauca,13655.0,Indeterminado,Menores de Edad (<18 años),-,-,-,-,-,-,-,-
Bolívar , San Jacinto del Cauca,13655.0,Indeterminado,Mayores de Edad (>18 años),-,-,-,-,-,-,-,-
Bolívar , San Jacinto del Cauca,13655.0,INDETERMINADO,TOTAL,-,-,-,-,-,-,-,-
Bolívar , San Jacinto del Cauca,13655.0,TOTAL,,-,-,-,1,-,-,-,1
Bolívar , San Juan Nepomuceno,13657.0,Hombre,Menores de Edad (<18 años),-,-,-,-,-,-,-,-
Bolívar , San Juan Nepomuceno,13657.0,Hombre,Mayores de Edad (>18 años),-,-,-,1,-,1,-,2
Bolívar , San Juan Nepomuceno,13657.0,HOMBRE,TOTAL,-,-,-,1,-,1,-,2
Bolívar , San Juan Nepomuceno,13657.0,Mujer,Menores de Edad (<18 años),-,-,-,-,-,-,-,-
Bolívar , San Juan Nepomuceno,13657.0,Mujer,Mayores de Edad (>18 años),-,-,-,-,-,-,-,-
Bolívar , San Juan Nepomuceno,13657.0,MUJER,TOTAL,-,-,-,-,-,-,-,-
Bolívar , San Juan Nepomuceno,13657.0,Indeterminado,Menores de Edad (<18 años),-,-,-,-,-,-,-,-
Bolívar , San Juan Nepomuceno,13657.0,Indeterminado,Mayores de Edad (>18 años),-,-,-,-,-,-,-,-
Bolívar , San Juan Nepomuceno,13657.0,INDETERMINADO,TOTAL,-,-,-,-,-,-,-,-
Bolívar , San Juan Nepomuceno,13657.0,TOTAL,,-,-,-,1,-,1,-,2
Bolívar , San Martín de Loba,13667.0,Hombre,Menores de Edad (<18 años),-,-,-,-,-,-,-,-
Bolívar , San Martín de Loba,13667.0,Hombre,Mayores de Edad (>18 años),-,-,-,3,-,-,-,3
Bolívar , San Martín de Loba,13667.0,HOMBRE,TOTAL,-,-,-,3,-,-,-,3
Bolívar , San Martín de Loba,13667.0,Mujer,Menores de Edad (<18 años),-,-,-,-,-,-,-,-
Bolívar , San Martín de Loba,13667.0,Mujer,Mayores de Edad (>18 años),-,-,-,1,-,-,-,1
Bolívar , San Martín de Loba,13667.0,MUJER,TOTAL,-,-,-,1,-,-,-,1
Bolívar , San Martín de Loba,13667.0,Indeterminado,Menores de Edad (<18 años),-,-,-,-,-,-,-,-
Bolívar , San Martín de Loba,13667.0,Indeterminado,Mayores de Edad (>18 años),-,-,-,-,-,-,-,-
Bolívar , San Martín de Loba,13667.0,INDETERMINADO,TOTAL,-,-,-,-,-,-,-,-
Bolívar , San Martín de Loba,13667.0,TOTAL,,-,-,-,4,-,-,-,4
Bolívar , San Pablo,13670.0,Hombre,Menores de Edad (<18 años),-,-,-,-,-,-,-,-
Bolívar , San Pablo,13670.0,Hombre,Mayores de Edad (>18 años),-,1,-,6,-,-,1,8
Bolívar , San Pablo,13670.0,HOMBRE,TOTAL,-,1,-,6,-,-,1,8
Bolívar , San Pablo,13670.0,Mujer,Menores de Edad (<18 años),-,-,-,-,-,-,-,-
Bolívar , San Pablo,13670.0,Mujer,Mayores de Edad (>18 años),-,-,-,1,-,-,-,1
Bolívar , San Pablo,13670.0,MUJER,TOTAL,-,-,-,1,-,-,-,1
Bolívar , San Pablo,13670.0,Indeterminado,Menores de Edad (<18 años),-,-,-,-,-,-,-,-
Bolívar , San Pablo,13670.0,Indeterminado,Mayores de Edad (>18 años),-,-,-,-,-,-,-,-
Bolívar , San Pablo,13670.0,INDETERMINADO,TOTAL,-,-,-,-,-,-,-,-
Bolívar , San Pablo,13670.0,TOTAL,,-,1,-,7,-,-,1,9
Bolívar , Santa Catalina,13673.0,Hombre,Menores de Edad (<18 años),-,-,-,-,-,-,-,-
Bolívar , Santa Catalina,13673.0,Hombre,Mayores de Edad (>18 años),-,-,-,2,2,-,-,4
Bolívar , Santa Catalina,13673.0,HOMBRE,TOTAL,-,-,-,2,2,-,-,4
Bolívar , Santa Catalina,13673.0,Mujer,Menores de Edad (<18 años),-,-,-,-,-,-,-,-
Bolívar , Santa Catalina,13673.0,Mujer,Mayores de Edad (>18 años),-,-,-,-,-,-,-,-
Bolívar , Santa Catalina,13673.0,MUJER,TOTAL,-,-,-,-,-,-,-,-
Bolívar , Santa Catalina,13673.0,Indeterminado,Menores de Edad (<18 años),-,-,-,-,-,-,-,-
Bolívar , Santa Catalina,13673.0,Indeterminado,Mayores de Edad (>18 años),-,-,-,-,-,-,-,-
Bolívar , Santa Catalina,13673.0,INDETERMINADO,TOTAL,-,-,-,-,-,-,-,-
Bolívar , Santa Catalina,13673.0,TOTAL,,-,-,-,2,2,-,-,4
Bolívar , Santa Rosa,13683.0,Hombre,Menores de Edad (<18 años),-,-,-,-,-,-,-,-
Bolívar , Santa Rosa,13683.0,Hombre,Mayores de Edad (>18 años),-,-,-,2,1,-,-,3
Bolívar , Santa Rosa,13683.0,HOMBRE,TOTAL,-,-,-,2,1,-,-,3
Bolívar , Santa Rosa,13683.0,Mujer,Menores de Edad (<18 años),-,-,-,-,-,-,-,-
Bolívar , Santa Rosa,13683.0,Mujer,Mayores de Edad (>18 años),-,-,-,1,-,-,-,1
Bolívar , Santa Rosa,13683.0,MUJER,TOTAL,-,-,-,1,-,-,-,1
Bolívar , Santa Rosa,13683.0,Indeterminado,Menores de Edad (<18 años),-,-,-,-,-,-,-,-
Bolívar , Santa Rosa,13683.0,Indeterminado,Mayores de Edad (>18 años),-,-,-,-,-,-,-,-
Bolívar , Santa Rosa,13683.0,INDETERMINADO,TOTAL,-,-,-,-,-,-,-,-
Bolívar , Santa Rosa,13683.0,TOTAL,,-,-,-,3,1,-,-,4
Bolívar , Santa Rosa del Sur,13688.0,Hombre,Menores de Edad (<18 años),-,-,-,-,-,-,-,-
Bolívar , Santa Rosa del Sur,13688.0,Hombre,Mayores de Edad (>18 años),-,-,-,4,-,-,1,5
Bolívar , Santa Rosa del Sur,13688.0,HOMBRE,TOTAL,-,-,-,4,-,-,1,5
Bolívar , Santa Rosa del Sur,13688.0,Mujer,Menores de Edad (<18 años),-,-,-,-,-,-,-,-
Bolívar , Santa Rosa del Sur,13688.0,Mujer,Mayores de Edad (>18 años),-,-,-,-,-,-,1,1
Bolívar , Santa Rosa del Sur,13688.0,MUJER,TOTAL,-,-,-,-,-,-,1,1
Bolívar , Santa Rosa del Sur,13688.0,Indeterminado,Menores de Edad (<18 años),-,-,-,-,-,-,-,-
Bolívar , Santa Rosa del Sur,13688.0,Indeterminado,Mayores de Edad (>18 años),-,-,-,-,-,-,-,-
Bolívar , Santa Rosa del Sur,13688.0,INDETERMINADO,TOTAL,-,-,-,-,-,-,-,-
Bolívar , Santa Rosa del Sur,13688.0,TOTAL,,-,-,-,4,-,-,2,6
Bolívar , Simití,13744.0,Hombre,Menores de Edad (<18 años),-,-,-,-,-,-,-,-
Bolívar , Simití,13744.0,Hombre,Mayores de Edad (>18 años),-,1,-,6,-,-,1,8
Bolívar , Simití,13744.0,HOMBRE,TOTAL,-,1,-,6,-,-,1,8
Bolívar , Simití,13744.0,Mujer,Menores de Edad (<18 años),-,-,-,-,-,-,-,-
Bolívar , Simití,13744.0,Mujer,Mayores de Edad (>18 años),-,-,-,-,-,-,-,-
Bolívar , Simití,13744.0,MUJER,TOTAL,-,-,-,-,-,-,-,-
Bolívar , Simití,13744.0,Indeterminado,Menores de Edad (<18 años),-,-,-,-,-,-,-,-
Bolívar , Simití,13744.0,Indeterminado,Mayores de Edad (>18 años),-,-,-,-,-,-,-,-
Bolívar , Simití,13744.0,INDETERMINADO,TOTAL,-,-,-,-,-,-,-,-
Bolívar , Simití,13744.0,TOTAL,,-,1,-,6,-,-,1,8
Bolívar , Soplaviento,13760.0,Hombre,Menores de Edad (<18 años),-,-,-,-,-,-,-,-
Bolívar , Soplaviento,13760.0,Hombre,Mayores de Edad (>18 años),-,-,-,-,-,-,1,1
Bolívar , Soplaviento,13760.0,HOMBRE,TOTAL,-,-,-,-,-,-,1,1
Bolívar , Soplaviento,13760.0,Mujer,Menores de Edad (<18 años),-,-,-,-,-,-,-,-
Bolívar , Soplaviento,13760.0,Mujer,Mayores de Edad (>18 años),-,-,-,-,-,-,-,-
Bolívar , Soplaviento,13760.0,MUJER,TOTAL,-,-,-,-,-,-,-,-
Bolívar , Soplaviento,13760.0,Indeterminado,Menores de Edad (<18 años),-,-,-,-,-,-,-,-
Bolívar , Soplaviento,13760.0,Indeterminado,Mayores de Edad (>18 años),-,-,-,-,-,-,-,-
Bolívar , Soplaviento,13760.0,INDETERMINADO,TOTAL,-,-,-,-,-,-,-,-
Bolívar , Soplaviento,13760.0,TOTAL,,-,-,-,-,-,-,1,1
Bolívar , Talaigua Nuevo,13780.0,Hombre,Menores de Edad (<18 años),-,-,-,-,-,-,-,-
Bolívar , Talaigua Nuevo,13780.0,Hombre,Mayores de Edad (>18 años),-,-,-,2,-,-,-,2
Bolívar , Talaigua Nuevo,13780.0,HOMBRE,TOTAL,-,-,-,2,-,-,-,2
Bolívar , Talaigua Nuevo,13780.0,Mujer,Menores de Edad (<18 años),-,-,-,-,-,-,-,-
Bolívar , Talaigua Nuevo,13780.0,Mujer,Mayores de Edad (>18 años),-,-,-,-,-,1,-,1
Bolívar , Talaigua Nuevo,13780.0,MUJER,TOTAL,-,-,-,-,-,1,-,1
Bolívar , Talaigua Nuevo,13780.0,Indeterminado,Menores de Edad (<18 años),-,-,-,-,-,-,-,-
Bolívar , Talaigua Nuevo,13780.0,Indeterminado,Mayores de Edad (>18 años),-,-,-,-,-,-,-,-
Bolívar , Talaigua Nuevo,13780.0,INDETERMINADO,TOTAL,-,-,-,-,-,-,-,-
Bolívar , Talaigua Nuevo,13780.0,TOTAL,,-,-,-,2,-,1,-,3
Bolívar , Tiquisio,13810.0,Hombre,Menores de Edad (<18 años),-,-,-,-,-,-,-,-
Bolívar , Tiquisio,13810.0,Hombre,Mayores de Edad (>18 años),-,1,-,2,-,-,-,3
Bolívar , Tiquisio,13810.0,HOMBRE,TOTAL,-,1,-,2,-,-,-,3
Bolívar , Tiquisio,13810.0,Mujer,Menores de Edad (<18 años),-,-,-,-,-,-,-,-
Bolívar , Tiquisio,13810.0,Mujer,Mayores de Edad (>18 años),-,-,-,-,-,-,-,-
Bolívar , Tiquisio,13810.0,MUJER,TOTAL,-,-,-,-,-,-,-,-
Bolívar , Tiquisio,13810.0,Indeterminado,Menores de Edad (<18 años),-,-,-,-,-,-,-,-
Bolívar , Tiquisio,13810.0,Indeterminado,Mayores de Edad (>18 años),-,-,-,-,-,-,-,-
Bolívar , Tiquisio,13810.0,INDETERMINADO,TOTAL,-,-,-,-,-,-,-,-
Bolívar , Tiquisio,13810.0,TOTAL,,-,1,-,2,-,-,-,3
Bolívar , Turbaco,13836.0,Hombre,Menores de Edad (<18 años),-,-,-,1,-,-,-,1
Bolívar , Turbaco,13836.0,Hombre,Mayores de Edad (>18 años),-,-,-,6,2,-,-,8
Bolívar , Turbaco,13836.0,HOMBRE,TOTAL,-,-,-,7,2,-,-,9
Bolívar , Turbaco,13836.0,Mujer,Menores de Edad (<18 años),-,-,-,-,-,-,-,-
Bolívar , Turbaco,13836.0,Mujer,Mayores de Edad (>18 años),-,-,-,2,-,-,-,2
Bolívar , Turbaco,13836.0,MUJER,TOTAL,-,-,-,2,-,-,-,2
Bolívar , Turbaco,13836.0,Indeterminado,Menores de Edad (<18 años),-,-,-,-,-,-,-,-
Bolívar , Turbaco,13836.0,Indeterminado,Mayores de Edad (>18 años),-,-,-,-,-,-,-,-
Bolívar , Turbaco,13836.0,INDETERMINADO,TOTAL,-,-,-,-,-,-,-,-
Bolívar , Turbaco,13836.0,TOTAL,,-,-,-,9,2,-,-,11
Bolívar , Turbaná,13838.0,Hombre,Menores de Edad (<18 años),-,-,-,-,-,-,-,-
Bolívar , Turbaná,13838.0,Hombre,Mayores de Edad (>18 años),-,-,-,1,-,-,1,2
Bolívar , Turbaná,13838.0,HOMBRE,TOTAL,-,-,-,1,-,-,1,2
Bolívar , Turbaná,13838.0,Mujer,Menores de Edad (<18 años),-,-,-,-,-,-,-,-
Bolívar , Turbaná,13838.0,Mujer,Mayores de Edad (>18 años),-,-,-,-,-,-,-,-
Bolívar , Turbaná,13838.0,MUJER,TOTAL,-,-,-,-,-,-,-,-
Bolívar , Turbaná,13838.0,Indeterminado,Menores de Edad (<18 años),-,-,-,-,-,-,-,-
Bolívar , Turbaná,13838.0,Indeterminado,Mayores de Edad (>18 años),-,-,-,-,-,-,-,-
Bolívar , Turbaná,13838.0,INDETERMINADO,TOTAL,-,-,-,-,-,-,-,-
Bolívar , Turbaná,13838.0,TOTAL,,-,-,-,1,-,-,1,2
Bolívar , Villanueva,13873.0,Hombre,Menores de Edad (<18 años),-,-,-,1,-,-,-,1
Bolívar , Villanueva,13873.0,Hombre,Mayores de Edad (>18 años),-,-,-,1,-,1,-,2
Bolívar , Villanueva,13873.0,HOMBRE,TOTAL,-,-,-,2,-,1,-,3
Bolívar , Villanueva,13873.0,Mujer,Menores de Edad (<18 años),-,-,-,-,-,-,-,-
Bolívar , Villanueva,13873.0,Mujer,Mayores de Edad (>18 años),-,-,-,-,-,-,-,-
Bolívar , Villanueva,13873.0,MUJER,TOTAL,-,-,-,-,-,-,-,-
Bolívar , Villanueva,13873.0,Indeterminado,Menores de Edad (<18 años),-,-,-,-,-,-,-,-
Bolívar , Villanueva,13873.0,Indeterminado,Mayores de Edad (>18 años),-,-,-,-,-,-,-,-
Bolívar , Villanueva,13873.0,INDETERMINADO,TOTAL,-,-,-,-,-,-,-,-
Bolívar , Villanueva,13873.0,TOTAL,,-,-,-,2,-,1,-,3
Bolívar , Zambrano,13894.0,Hombre,Menores de Edad (<18 años),-,-,-,-,-,-,-,-
Bolívar , Zambrano,13894.0,Hombre,Mayores de Edad (>18 años),-,-,-,3,-,-,1,4
Bolívar , Zambrano,13894.0,HOMBRE,TOTAL,-,-,-,3,-,-,1,4
Bolívar , Zambrano,13894.0,Mujer,Menores de Edad (<18 años),-,-,-,-,-,-,-,-
Bolívar , Zambrano,13894.0,Mujer,Mayores de Edad (>18 años),-,-,-,-,-,-,-,-
Bolívar , Zambrano,13894.0,MUJER,TOTAL,-,-,-,-,-,-,-,-
Bolívar , Zambrano,13894.0,Indeterminado,Menores de Edad (<18 años),-,-,-,-,-,-,-,-
Bolívar , Zambrano,13894.0,Indeterminado,Mayores de Edad (>18 años),-,-,-,-,-,-,-,-
Bolívar , Zambrano,13894.0,INDETERMINADO,TOTAL,-,-,-,-,-,-,-,-
Bolívar , Zambrano,13894.0,TOTAL,,-,-,-,3,-,-,1,4
Boyacá , Aquitania,15047.0,Hombre,Menores de Edad (<18 años),-,-,-,-,-,-,-,-
Boyacá , Aquitania,15047.0,Hombre,Mayores de Edad (>18 años),-,-,-,3,-,-,-,3
Boyacá , Aquitania,15047.0,HOMBRE,TOTAL,-,-,-,3,-,-,-,3
Boyacá , Aquitania,15047.0,Mujer,Menores de Edad (<18 años),-,-,-,-,-,-,-,-
Boyacá , Aquitania,15047.0,Mujer,Mayores de Edad (>18 años),-,-,-,-,-,-,-,-
Boyacá , Aquitania,15047.0,MUJER,TOTAL,-,-,-,-,-,-,-,-
Boyacá , Aquitania,15047.0,Indeterminado,Menores de Edad (<18 años),-,-,-,-,-,-,-,-
Boyacá , Aquitania,15047.0,Indeterminado,Mayores de Edad (>18 años),-,-,-,-,-,-,-,-
Boyacá , Aquitania,15047.0,INDETERMINADO,TOTAL,-,-,-,-,-,-,-,-
Boyacá , Aquitania,15047.0,TOTAL,,-,-,-,3,-,-,-,3
Boyacá , Caldas,15131.0,Hombre,Menores de Edad (<18 años),-,-,-,-,-,-,-,-
Boyacá , Caldas,15131.0,Hombre,Mayores de Edad (>18 años),-,-,-,1,-,-,-,1
Boyacá , Caldas,15131.0,HOMBRE,TOTAL,-,-,-,1,-,-,-,1
Boyacá , Caldas,15131.0,Mujer,Menores de Edad (<18 años),-,-,-,-,-,-,-,-
Boyacá , Caldas,15131.0,Mujer,Mayores de Edad (>18 años),-,-,-,-,-,-,-,-
Boyacá , Caldas,15131.0,MUJER,TOTAL,-,-,-,-,-,-,-,-
Boyacá , Caldas,15131.0,Indeterminado,Menores de Edad (<18 años),-,-,-,-,-,-,-,-
Boyacá , Caldas,15131.0,Indeterminado,Mayores de Edad (>18 años),-,-,-,-,-,-,-,-
Boyacá , Caldas,15131.0,INDETERMINADO,TOTAL,-,-,-,-,-,-,-,-
Boyacá , Caldas,15131.0,TOTAL,,-,-,-,1,-,-,-,1
Boyacá , Chiquinquirá,15176.0,Hombre,Menores de Edad (<18 años),-,-,-,-,-,-,-,-
Boyacá , Chiquinquirá,15176.0,Hombre,Mayores de Edad (>18 años),-,-,-,3,-,-,1,4
Boyacá , Chiquinquirá,15176.0,HOMBRE,TOTAL,-,-,-,3,-,-,1,4
Boyacá , Chiquinquirá,15176.0,Mujer,Menores de Edad (<18 años),-,-,-,-,-,-,-,-
Boyacá , Chiquinquirá,15176.0,Mujer,Mayores de Edad (>18 años),-,-,-,1,-,-,-,1
Boyacá , Chiquinquirá,15176.0,MUJER,TOTAL,-,-,-,1,-,-,-,1
Boyacá , Chiquinquirá,15176.0,Indeterminado,Menores de Edad (<18 años),-,-,-,-,-,-,-,-
Boyacá , Chiquinquirá,15176.0,Indeterminado,Mayores de Edad (>18 años),-,-,-,-,-,-,-,-
Boyacá , Chiquinquirá,15176.0,INDETERMINADO,TOTAL,-,-,-,-,-,-,-,-
Boyacá , Chiquinquirá,15176.0,TOTAL,,-,-,-,4,-,-,1,5
Boyacá , Chita,15183.0,Hombre,Menores de Edad (<18 años),-,-,-,-,-,-,-,-
Boyacá , Chita,15183.0,Hombre,Mayores de Edad (>18 años),-,-,-,1,-,-,-,1
Boyacá , Chita,15183.0,HOMBRE,TOTAL,-,-,-,1,-,-,-,1
Boyacá , Chita,15183.0,Mujer,Menores de Edad (<18 años),-,-,-,-,-,-,-,-
Boyacá , Chita,15183.0,Mujer,Mayores de Edad (>18 años),-,-,-,-,-,-,-,-
Boyacá , Chita,15183.0,MUJER,TOTAL,-,-,-,-,-,-,-,-
Boyacá , Chita,15183.0,Indeterminado,Menores de Edad (<18 años),-,-,-,-,-,-,-,-
Boyacá , Chita,15183.0,Indeterminado,Mayores de Edad (>18 años),-,-,-,-,-,-,-,-
Boyacá , Chita,15183.0,INDETERMINADO,TOTAL,-,-,-,-,-,-,-,-
Boyacá , Chita,15183.0,TOTAL,,-,-,-,1,-,-,-,1
Boyacá , Chivor,15236.0,Hombre,Menores de Edad (<18 años),-,-,-,-,-,-,-,-
Boyacá , Chivor,15236.0,Hombre,Mayores de Edad (>18 años),-,-,-,1,-,-,-,1
Boyacá , Chivor,15236.0,HOMBRE,TOTAL,-,-,-,1,-,-,-,1
Boyacá , Chivor,15236.0,Mujer,Menores de Edad (<18 años),-,-,-,-,-,-,-,-
Boyacá , Chivor,15236.0,Mujer,Mayores de Edad (>18 años),-,-,-,-,-,-,-,-
Boyacá , Chivor,15236.0,MUJER,TOTAL,-,-,-,-,-,-,-,-
Boyacá , Chivor,15236.0,Indeterminado,Menores de Edad (<18 años),-,-,-,-,-,-,-,-
Boyacá , Chivor,15236.0,Indeterminado,Mayores de Edad (>18 años),-,-,-,-,-,-,-,-
Boyacá , Chivor,15236.0,INDETERMINADO,TOTAL,-,-,-,-,-,-,-,-
Boyacá , Chivor,15236.0,TOTAL,,-,-,-,1,-,-,-,1
Boyacá , Cómbita,15204.0,Hombre,Menores de Edad (<18 años),-,-,-,-,-,-,-,-
Boyacá , Cómbita,15204.0,Hombre,Mayores de Edad (>18 años),-,-,-,5,-,-,-,5
Boyacá , Cómbita,15204.0,HOMBRE,TOTAL,-,-,-,5,-,-,-,5
Boyacá , Cómbita,15204.0,Mujer,Menores de Edad (<18 años),-,-,-,-,-,-,-,-
Boyacá , Cómbita,15204.0,Mujer,Mayores de Edad (>18 años),-,-,-,-,-,-,-,-
Boyacá , Cómbita,15204.0,MUJER,TOTAL,-,-,-,-,-,-,-,-
Boyacá , Cómbita,15204.0,Indeterminado,Menores de Edad (<18 años),-,-,-,-,-,-,-,-
Boyacá , Cómbita,15204.0,Indeterminado,Mayores de Edad (>18 años),-,-,-,-,-,-,-,-
Boyacá , Cómbita,15204.0,INDETERMINADO,TOTAL,-,-,-,-,-,-,-,-
Boyacá , Cómbita,15204.0,TOTAL,,-,-,-,5,-,-,-,5
Boyacá , Duitama,15238.0,Hombre,Menores de Edad (<18 años),-,-,-,-,-,-,-,-
Boyacá , Duitama,15238.0,Hombre,Mayores de Edad (>18 años),-,-,-,5,-,-,-,5
Boyacá , Duitama,15238.0,HOMBRE,TOTAL,-,-,-,5,-,-,-,5
Boyacá , Duitama,15238.0,Mujer,Menores de Edad (<18 años),-,-,-,-,-,-,-,-
Boyacá , Duitama,15238.0,Mujer,Mayores de Edad (>18 años),-,-,-,-,-,-,-,-
Boyacá , Duitama,15238.0,MUJER,TOTAL,-,-,-,-,-,-,-,-
Boyacá , Duitama,15238.0,Indeterminado,Menores de Edad (<18 años),-,-,-,-,-,-,-,-
Boyacá , Duitama,15238.0,Indeterminado,Mayores de Edad (>18 años),-,-,-,-,-,-,-,-
Boyacá , Duitama,15238.0,INDETERMINADO,TOTAL,-,-,-,-,-,-,-,-
Boyacá , Duitama,15238.0,TOTAL,,-,-,-,5,-,-,-,5
Boyacá , El Cocuy,15244.0,Hombre,Menores de Edad (<18 años),-,-,-,1,-,-,-,1
Boyacá , El Cocuy,15244.0,Hombre,Mayores de Edad (>18 años),-,-,-,1,-,-,-,1
Boyacá , El Cocuy,15244.0,HOMBRE,TOTAL,-,-,-,2,-,-,-,2
Boyacá , El Cocuy,15244.0,Mujer,Menores de Edad (<18 años),-,-,-,-,-,-,-,-
Boyacá , El Cocuy,15244.0,Mujer,Mayores de Edad (>18 años),-,-,-,-,-,-,-,-
Boyacá , El Cocuy,15244.0,MUJER,TOTAL,-,-,-,-,-,-,-,-
Boyacá , El Cocuy,15244.0,Indeterminado,Menores de Edad (<18 años),-,-,-,-,-,-,-,-
Boyacá , El Cocuy,15244.0,Indeterminado,Mayores de Edad (>18 años),-,-,-,-,-,-,-,-
Boyacá , El Cocuy,15244.0,INDETERMINADO,TOTAL,-,-,-,-,-,-,-,-
Boyacá , El Cocuy,15244.0,TOTAL,,-,-,-,2,-,-,-,2
Boyacá , Gámeza,15296.0,Hombre,Menores de Edad (<18 años),-,-,-,-,-,-,-,-
Boyacá , Gámeza,15296.0,Hombre,Mayores de Edad (>18 años),-,-,-,1,-,-,-,1
Boyacá , Gámeza,15296.0,HOMBRE,TOTAL,-,-,-,1,-,-,-,1
Boyacá , Gámeza,15296.0,Mujer,Menores de Edad (<18 años),-,-,-,-,-,-,-,-
Boyacá , Gámeza,15296.0,Mujer,Mayores de Edad (>18 años),-,-,-,-,-,-,-,-
Boyacá , Gámeza,15296.0,MUJER,TOTAL,-,-,-,-,-,-,-,-
Boyacá , Gámeza,15296.0,Indeterminado,Menores de Edad (<18 años),-,-,-,-,-,-,-,-
Boyacá , Gámeza,15296.0,Indeterminado,Mayores de Edad (>18 años),-,-,-,-,-,-,-,-
Boyacá , Gámeza,15296.0,INDETERMINADO,TOTAL,-,-,-,-,-,-,-,-
Boyacá , Gámeza,15296.0,TOTAL,,-,-,-,1,-,-,-,1
Boyacá , Guateque,15322.0,Hombre,Menores de Edad (<18 años),-,-,-,-,-,-,-,-
Boyacá , Guateque,15322.0,Hombre,Mayores de Edad (>18 años),-,-,-,1,-,-,-,1
Boyacá , Guateque,15322.0,HOMBRE,TOTAL,-,-,-,1,-,-,-,1
Boyacá , Guateque,15322.0,Mujer,Menores de Edad (<18 años),-,-,-,-,-,-,-,-
Boyacá , Guateque,15322.0,Mujer,Mayores de Edad (>18 años),-,-,-,-,-,-,-,-
Boyacá , Guateque,15322.0,MUJER,TOTAL,-,-,-,-,-,-,-,-
Boyacá , Guateque,15322.0,Indeterminado,Menores de Edad (<18 años),-,-,-,-,-,-,-,-
Boyacá , Guateque,15322.0,Indeterminado,Mayores de Edad (>18 años),-,-,-,-,-,-,-,-
Boyacá , Guateque,15322.0,INDETERMINADO,TOTAL,-,-,-,-,-,-,-,-
Boyacá , Guateque,15322.0,TOTAL,,-,-,-,1,-,-,-,1
Boyacá , Guayatá,15325.0,Hombre,Menores de Edad (<18 años),-,-,-,-,-,-,-,-
Boyacá , Guayatá,15325.0,Hombre,Mayores de Edad (>18 años),-,-,-,-,-,-,-,-
Boyacá , Guayatá,15325.0,HOMBRE,TOTAL,-,-,-,-,-,-,-,-
Boyacá , Guayatá,15325.0,Mujer,Menores de Edad (<18 años),-,-,-,-,-,-,-,-
Boyacá , Guayatá,15325.0,Mujer,Mayores de Edad (>18 años),-,-,-,1,-,-,-,1
Boyacá , Guayatá,15325.0,MUJER,TOTAL,-,-,-,1,-,-,-,1
Boyacá , Guayatá,15325.0,Indeterminado,Menores de Edad (<18 años),-,-,-,-,-,-,-,-
Boyacá , Guayatá,15325.0,Indeterminado,Mayores de Edad (>18 años),-,-,-,-,-,-,-,-
Boyacá , Guayatá,15325.0,INDETERMINADO,TOTAL,-,-,-,-,-,-,-,-
Boyacá , Guayatá,15325.0,TOTAL,,-,-,-,1,-,-,-,1
Boyacá , Güicán,15332.0,Hombre,Menores de Edad (<18 años),-,-,-,-,-,-,-,-
Boyacá , Güicán,15332.0,Hombre,Mayores de Edad (>18 años),-,-,-,1,-,-,-,1
Boyacá , Güicán,15332.0,HOMBRE,TOTAL,-,-,-,1,-,-,-,1
Boyacá , Güicán,15332.0,Mujer,Menores de Edad (<18 años),-,-,-,-,-,-,-,-
Boyacá , Güicán,15332.0,Mujer,Mayores de Edad (>18 años),-,-,-,-,-,-,-,-
Boyacá , Güicán,15332.0,MUJER,TOTAL,-,-,-,-,-,-,-,-
Boyacá , Güicán,15332.0,Indeterminado,Menores de Edad (<18 años),-,-,-,-,-,-,-,-
Boyacá , Güicán,15332.0,Indeterminado,Mayores de Edad (>18 años),-,-,-,-,-,-,-,-
Boyacá , Güicán,15332.0,INDETERMINADO,TOTAL,-,-,-,-,-,-,-,-
Boyacá , Güicán,15332.0,TOTAL,,-,-,-,1,-,-,-,1
Boyacá , Jenesano,15367.0,Hombre,Menores de Edad (<18 años),-,-,-,-,-,-,-,-
Boyacá , Jenesano,15367.0,Hombre,Mayores de Edad (>18 años),-,-,-,1,-,-,-,1
Boyacá , Jenesano,15367.0,HOMBRE,TOTAL,-,-,-,1,-,-,-,1
Boyacá , Jenesano,15367.0,Mujer,Menores de Edad (<18 años),-,-,-,-,-,-,-,-
Boyacá , Jenesano,15367.0,Mujer,Mayores de Edad (>18 años),-,-,-,-,-,-,-,-
Boyacá , Jenesano,15367.0,MUJER,TOTAL,-,-,-,-,-,-,-,-
Boyacá , Jenesano,15367.0,Indeterminado,Menores de Edad (<18 años),-,-,-,-,-,-,-,-
Boyacá , Jenesano,15367.0,Indeterminado,Mayores de Edad (>18 años),-,-,-,-,-,-,-,-
Boyacá , Jenesano,15367.0,INDETERMINADO,TOTAL,-,-,-,-,-,-,-,-
Boyacá , Jenesano,15367.0,TOTAL,,-,-,-,1,-,-,-,1
Boyacá , Muzo,15480.0,Hombre,Menores de Edad (<18 años),-,-,-,-,-,-,-,-
Boyacá , Muzo,15480.0,Hombre,Mayores de Edad (>18 años),-,-,-,1,-,-,-,1
Boyacá , Muzo,15480.0,HOMBRE,TOTAL,-,-,-,1,-,-,-,1
Boyacá , Muzo,15480.0,Mujer,Menores de Edad (<18 años),-,-,-,-,-,-,-,-
Boyacá , Muzo,15480.0,Mujer,Mayores de Edad (>18 años),-,-,-,-,-,-,-,-
Boyacá , Muzo,15480.0,MUJER,TOTAL,-,-,-,-,-,-,-,-
Boyacá , Muzo,15480.0,Indeterminado,Menores de Edad (<18 años),-,-,-,-,-,-,-,-
Boyacá , Muzo,15480.0,Indeterminado,Mayores de Edad (>18 años),-,-,-,-,-,-,-,-
Boyacá , Muzo,15480.0,INDETERMINADO,TOTAL,-,-,-,-,-,-,-,-
Boyacá , Muzo,15480.0,TOTAL,,-,-,-,1,-,-,-,1
Boyacá , Nobsa,15491.0,Hombre,Menores de Edad (<18 años),-,-,-,-,-,-,-,-
Boyacá , Nobsa,15491.0,Hombre,Mayores de Edad (>18 años),-,-,-,1,-,-,-,1
Boyacá , Nobsa,15491.0,HOMBRE,TOTAL,-,-,-,1,-,-,-,1
Boyacá , Nobsa,15491.0,Mujer,Menores de Edad (<18 años),-,-,-,-,-,-,-,-
Boyacá , Nobsa,15491.0,Mujer,Mayores de Edad (>18 años),-,-,-,-,-,-,-,-
Boyacá , Nobsa,15491.0,MUJER,TOTAL,-,-,-,-,-,-,-,-
Boyacá , Nobsa,15491.0,Indeterminado,Menores de Edad (<18 años),-,-,-,-,-,-,-,-
Boyacá , Nobsa,15491.0,Indeterminado,Mayores de Edad (>18 años),-,-,-,-,-,-,-,-
Boyacá , Nobsa,15491.0,INDETERMINADO,TOTAL,-,-,-,-,-,-,-,-
Boyacá , Nobsa,15491.0,TOTAL,,-,-,-,1,-,-,-,1
Boyacá , Otanche,15507.0,Hombre,Menores de Edad (<18 años),-,-,-,-,-,-,-,-
Boyacá , Otanche,15507.0,Hombre,Mayores de Edad (>18 años),-,-,-,1,-,-,-,1
Boyacá , Otanche,15507.0,HOMBRE,TOTAL,-,-,-,1,-,-,-,1
Boyacá , Otanche,15507.0,Mujer,Menores de Edad (<18 años),-,-,-,-,-,-,-,-
Boyacá , Otanche,15507.0,Mujer,Mayores de Edad (>18 años),-,-,-,-,-,-,-,-
Boyacá , Otanche,15507.0,MUJER,TOTAL,-,-,-,-,-,-,-,-
Boyacá , Otanche,15507.0,Indeterminado,Menores de Edad (<18 años),-,-,-,-,-,-,-,-
Boyacá , Otanche,15507.0,Indeterminado,Mayores de Edad (>18 años),-,-,-,-,-,-,-,-
Boyacá , Otanche,15507.0,INDETERMINADO,TOTAL,-,-,-,-,-,-,-,-
Boyacá , Otanche,15507.0,TOTAL,,-,-,-,1,-,-,-,1
Boyacá , Pauna,15531.0,Hombre,Menores de Edad (<18 años),-,-,-,-,-,-,-,-
Boyacá , Pauna,15531.0,Hombre,Mayores de Edad (>18 años),-,-,-,2,-,-,-,2
Boyacá , Pauna,15531.0,HOMBRE,TOTAL,-,-,-,2,-,-,-,2
Boyacá , Pauna,15531.0,Mujer,Menores de Edad (<18 años),-,-,-,-,-,-,-,-
Boyacá , Pauna,15531.0,Mujer,Mayores de Edad (>18 años),-,-,-,-,-,-,-,-
Boyacá , Pauna,15531.0,MUJER,TOTAL,-,-,-,-,-,-,-,-
Boyacá , Pauna,15531.0,Indeterminado,Menores de Edad (<18 años),-,-,-,-,-,-,-,-
Boyacá , Pauna,15531.0,Indeterminado,Mayores de Edad (>18 años),-,-,-,-,-,-,-,-
Boyacá , Pauna,15531.0,INDETERMINADO,TOTAL,-,-,-,-,-,-,-,-
Boyacá , Pauna,15531.0,TOTAL,,-,-,-,2,-,-,-,2
Boyacá , Puerto Boyacá,15572.0,Hombre,Menores de Edad (<18 años),-,-,-,-,-,-,-,-
Boyacá , Puerto Boyacá,15572.0,Hombre,Mayores de Edad (>18 años),-,3,-,8,-,-,5,16
Boyacá , Puerto Boyacá,15572.0,HOMBRE,TOTAL,-,3,-,8,-,-,5,16
Boyacá , Puerto Boyacá,15572.0,Mujer,Menores de Edad (<18 años),-,-,-,-,-,-,-,-
Boyacá , Puerto Boyacá,15572.0,Mujer,Mayores de Edad (>18 años),-,-,-,-,-,-,2,2
Boyacá , Puerto Boyacá,15572.0,MUJER,TOTAL,-,-,-,-,-,-,2,2
Boyacá , Puerto Boyacá,15572.0,Indeterminado,Menores de Edad (<18 años),-,-,-,-,-,-,-,-
Boyacá , Puerto Boyacá,15572.0,Indeterminado,Mayores de Edad (>18 años),-,-,-,-,-,-,-,-
Boyacá , Puerto Boyacá,15572.0,INDETERMINADO,TOTAL,-,-,-,-,-,-,-,-
Boyacá , Puerto Boyacá,15572.0,TOTAL,,-,3,-,8,-,-,7,18
Boyacá , Quípama,15580.0,Hombre,Menores de Edad (<18 años),-,-,-,-,-,-,-,-
Boyacá , Quípama,15580.0,Hombre,Mayores de Edad (>18 años),-,-,-,1,-,-,-,1
Boyacá , Quípama,15580.0,HOMBRE,TOTAL,-,-,-,1,-,-,-,1
Boyacá , Quípama,15580.0,Mujer,Menores de Edad (<18 años),-,-,-,-,-,-,-,-
Boyacá , Quípama,15580.0,Mujer,Mayores de Edad (>18 años),-,-,-,-,-,-,-,-
Boyacá , Quípama,15580.0,MUJER,TOTAL,-,-,-,-,-,-,-,-
Boyacá , Quípama,15580.0,Indeterminado,Menores de Edad (<18 años),-,-,-,-,-,-,-,-
Boyacá , Quípama,15580.0,Indeterminado,Mayores de Edad (>18 años),-,-,-,-,-,-,-,-
Boyacá , Quípama,15580.0,INDETERMINADO,TOTAL,-,-,-,-,-,-,-,-
Boyacá , Quípama,15580.0,TOTAL,,-,-,-,1,-,-,-,1
Boyacá , Samacá,15646.0,Hombre,Menores de Edad (<18 años),-,-,-,-,-,-,-,-
Boyacá , Samacá,15646.0,Hombre,Mayores de Edad (>18 años),-,-,-,2,-,-,-,2
Boyacá , Samacá,15646.0,HOMBRE,TOTAL,-,-,-,2,-,-,-,2
Boyacá , Samacá,15646.0,Mujer,Menores de Edad (<18 años),-,-,-,-,-,-,-,-
Boyacá , Samacá,15646.0,Mujer,Mayores de Edad (>18 años),-,-,-,-,-,-,-,-
Boyacá , Samacá,15646.0,MUJER,TOTAL,-,-,-,-,-,-,-,-
Boyacá , Samacá,15646.0,Indeterminado,Menores de Edad (<18 años),-,-,-,-,-,-,-,-
Boyacá , Samacá,15646.0,Indeterminado,Mayores de Edad (>18 años),-,-,-,-,-,-,-,-
Boyacá , Samacá,15646.0,INDETERMINADO,TOTAL,-,-,-,-,-,-,-,-
Boyacá , Samacá,15646.0,TOTAL,,-,-,-,2,-,-,-,2
Boyacá , San Luis de Gaceno,15667.0,Hombre,Menores de Edad (<18 años),-,-,-,-,-,-,-,-
Boyacá , San Luis de Gaceno,15667.0,Hombre,Mayores de Edad (>18 años),-,-,-,1,-,-,-,1
Boyacá , San Luis de Gaceno,15667.0,HOMBRE,TOTAL,-,-,-,1,-,-,-,1
Boyacá , San Luis de Gaceno,15667.0,Mujer,Menores de Edad (<18 años),-,-,-,-,-,-,-,-
Boyacá , San Luis de Gaceno,15667.0,Mujer,Mayores de Edad (>18 años),-,-,-,-,-,-,-,-
Boyacá , San Luis de Gaceno,15667.0,MUJER,TOTAL,-,-,-,-,-,-,-,-
Boyacá , San Luis de Gaceno,15667.0,Indeterminado,Menores de Edad (<18 años),-,-,-,-,-,-,-,-
Boyacá , San Luis de Gaceno,15667.0,Indeterminado,Mayores de Edad (>18 años),-,-,-,-,-,-,-,-
Boyacá , San Luis de Gaceno,15667.0,INDETERMINADO,TOTAL,-,-,-,-,-,-,-,-
Boyacá , San Luis de Gaceno,15667.0,TOTAL,,-,-,-,1,-,-,-,1
Boyacá , Socha,15757.0,Hombre,Menores de Edad (<18 años),-,-,-,-,-,-,-,-
Boyacá , Socha,15757.0,Hombre,Mayores de Edad (>18 años),-,-,-,-,-,-,-,-
Boyacá , Socha,15757.0,HOMBRE,TOTAL,-,-,-,-,-,-,-,-
Boyacá , Socha,15757.0,Mujer,Menores de Edad (<18 años),-,-,-,-,-,-,-,-
Boyacá , Socha,15757.0,Mujer,Mayores de Edad (>18 años),-,-,-,1,-,-,-,1
Boyacá , Socha,15757.0,MUJER,TOTAL,-,-,-,1,-,-,-,1
Boyacá , Socha,15757.0,Indeterminado,Menores de Edad (<18 años),-,-,-,-,-,-,-,-
Boyacá , Socha,15757.0,Indeterminado,Mayores de Edad (>18 años),-,-,-,-,-,-,-,-
Boyacá , Socha,15757.0,INDETERMINADO,TOTAL,-,-,-,-,-,-,-,-
Boyacá , Socha,15757.0,TOTAL,,-,-,-,1,-,-,-,1
Boyacá , Sogamoso,15759.0,Hombre,Menores de Edad (<18 años),-,-,-,-,-,-,-,-
Boyacá , Sogamoso,15759.0,Hombre,Mayores de Edad (>18 años),-,-,-,7,-,-,-,7
Boyacá , Sogamoso,15759.0,HOMBRE,TOTAL,-,-,-,7,-,-,-,7
Boyacá , Sogamoso,15759.0,Mujer,Menores de Edad (<18 años),-,-,-,-,-,-,-,-
Boyacá , Sogamoso,15759.0,Mujer,Mayores de Edad (>18 años),-,-,-,-,-,-,-,-
Boyacá , Sogamoso,15759.0,MUJER,TOTAL,-,-,-,-,-,-,-,-
Boyacá , Sogamoso,15759.0,Indeterminado,Menores de Edad (<18 años),-,-,-,-,-,-,-,-
Boyacá , Sogamoso,15759.0,Indeterminado,Mayores de Edad (>18 años),-,-,-,-,-,-,-,-
Boyacá , Sogamoso,15759.0,INDETERMINADO,TOTAL,-,-,-,-,-,-,-,-
Boyacá , Sogamoso,15759.0,TOTAL,,-,-,-,7,-,-,-,7
Boyacá , Soracá,15764.0,Hombre,Menores de Edad (<18 años),-,-,-,-,-,-,-,-
Boyacá , Soracá,15764.0,Hombre,Mayores de Edad (>18 años),-,-,-,2,-,-,-,2
Boyacá , Soracá,15764.0,HOMBRE,TOTAL,-,-,-,2,-,-,-,2
Boyacá , Soracá,15764.0,Mujer,Menores de Edad (<18 años),-,-,-,-,-,-,-,-
Boyacá , Soracá,15764.0,Mujer,Mayores de Edad (>18 años),-,-,-,-,-,-,-,-
Boyacá , Soracá,15764.0,MUJER,TOTAL,-,-,-,-,-,-,-,-
Boyacá , Soracá,15764.0,Indeterminado,Menores de Edad (<18 años),-,-,-,-,-,-,-,-
Boyacá , Soracá,15764.0,Indeterminado,Mayores de Edad (>18 años),-,-,-,-,-,-,-,-
Boyacá , Soracá,15764.0,INDETERMINADO,TOTAL,-,-,-,-,-,-,-,-
Boyacá , Soracá,15764.0,TOTAL,,-,-,-,2,-,-,-,2
Boyacá , Tibasosa,15806.0,Hombre,Menores de Edad (<18 años),-,-,-,-,-,-,-,-
Boyacá , Tibasosa,15806.0,Hombre,Mayores de Edad (>18 años),-,-,-,1,-,-,1,2
Boyacá , Tibasosa,15806.0,HOMBRE,TOTAL,-,-,-,1,-,-,1,2
Boyacá , Tibasosa,15806.0,Mujer,Menores de Edad (<18 años),-,-,-,-,-,-,-,-
Boyacá , Tibasosa,15806.0,Mujer,Mayores de Edad (>18 años),-,-,-,-,-,-,-,-
Boyacá , Tibasosa,15806.0,MUJER,TOTAL,-,-,-,-,-,-,-,-
Boyacá , Tibasosa,15806.0,Indeterminado,Menores de Edad (<18 años),-,-,-,-,-,-,-,-
Boyacá , Tibasosa,15806.0,Indeterminado,Mayores de Edad (>18 años),-,-,-,-,-,-,-,-
Boyacá , Tibasosa,15806.0,INDETERMINADO,TOTAL,-,-,-,-,-,-,-,-
Boyacá , Tibasosa,15806.0,TOTAL,,-,-,-,1,-,-,1,2
Boyacá , Tunja,15001.0,Hombre,Menores de Edad (<18 años),-,-,-,1,-,-,-,1
Boyacá , Tunja,15001.0,Hombre,Mayores de Edad (>18 años),-,-,-,4,-,-,-,4
Boyacá , Tunja,15001.0,HOMBRE,TOTAL,-,-,-,5,-,-,-,5
Boyacá , Tunja,15001.0,Mujer,Menores de Edad (<18 años),-,-,-,1,-,-,-,1
Boyacá , Tunja,15001.0,Mujer,Mayores de Edad (>18 años),-,-,-,2,-,-,-,2
Boyacá , Tunja,15001.0,MUJER,TOTAL,-,-,-,3,-,-,-,3
Boyacá , Tunja,15001.0,Indeterminado,Menores de Edad (<18 años),-,-,-,-,-,-,-,-
Boyacá , Tunja,15001.0,Indeterminado,Mayores de Edad (>18 años),-,-,-,-,-,-,-,-
Boyacá , Tunja,15001.0,INDETERMINADO,TOTAL,-,-,-,-,-,-,-,-
Boyacá , Tunja,15001.0,TOTAL,,-,-,-,8,-,-,-,8
Boyacá , Tununguá,15832.0,Hombre,Menores de Edad (<18 años),-,-,-,-,-,-,-,-
Boyacá , Tununguá,15832.0,Hombre,Mayores de Edad (>18 años),-,-,-,1,-,-,-,1
Boyacá , Tununguá,15832.0,HOMBRE,TOTAL,-,-,-,1,-,-,-,1
Boyacá , Tununguá,15832.0,Mujer,Menores de Edad (<18 años),-,-,-,-,-,-,-,-
Boyacá , Tununguá,15832.0,Mujer,Mayores de Edad (>18 años),-,-,-,-,-,-,-,-
Boyacá , Tununguá,15832.0,MUJER,TOTAL,-,-,-,-,-,-,-,-
Boyacá , Tununguá,15832.0,Indeterminado,Menores de Edad (<18 años),-,-,-,-,-,-,-,-
Boyacá , Tununguá,15832.0,Indeterminado,Mayores de Edad (>18 años),-,-,-,-,-,-,-,-
Boyacá , Tununguá,15832.0,INDETERMINADO,TOTAL,-,-,-,-,-,-,-,-
Boyacá , Tununguá,15832.0,TOTAL,,-,-,-,1,-,-,-,1
Boyacá , Tutazá,15839.0,Hombre,Menores de Edad (<18 años),-,-,-,1,-,-,-,1
Boyacá , Tutazá,15839.0,Hombre,Mayores de Edad (>18 años),-,-,-,-,-,-,-,-
Boyacá , Tutazá,15839.0,HOMBRE,TOTAL,-,-,-,1,-,-,-,1
Boyacá , Tutazá,15839.0,Mujer,Menores de Edad (<18 años),-,-,-,-,-,-,-,-
Boyacá , Tutazá,15839.0,Mujer,Mayores de Edad (>18 años),-,-,-,-,-,-,-,-
Boyacá , Tutazá,15839.0,MUJER,TOTAL,-,-,-,-,-,-,-,-
Boyacá , Tutazá,15839.0,Indeterminado,Menores de Edad (<18 años),-,-,-,-,-,-,-,-
Boyacá , Tutazá,15839.0,Indeterminado,Mayores de Edad (>18 años),-,-,-,-,-,-,-,-
Boyacá , Tutazá,15839.0,INDETERMINADO,TOTAL,-,-,-,-,-,-,-,-
Boyacá , Tutazá,15839.0,TOTAL,,-,-,-,1,-,-,-,1
Boyacá , Úmbita,15842.0,Hombre,Menores de Edad (<18 años),-,-,-,-,-,-,-,-
Boyacá , Úmbita,15842.0,Hombre,Mayores de Edad (>18 años),-,-,-,-,-,-,-,-
Boyacá , Úmbita,15842.0,HOMBRE,TOTAL,-,-,-,-,-,-,-,-
Boyacá , Úmbita,15842.0,Mujer,Menores de Edad (<18 años),-,-,-,-,-,-,-,-
Boyacá , Úmbita,15842.0,Mujer,Mayores de Edad (>18 años),-,-,-,1,-,-,-,1
Boyacá , Úmbita,15842.0,MUJER,TOTAL,-,-,-,1,-,-,-,1
Boyacá , Úmbita,15842.0,Indeterminado,Menores de Edad (<18 años),-,-,-,-,-,-,-,-
Boyacá , Úmbita,15842.0,Indeterminado,Mayores de Edad (>18 años),-,-,-,-,-,-,-,-
Boyacá , Úmbita,15842.0,INDETERMINADO,TOTAL,-,-,-,-,-,-,-,-
Boyacá , Úmbita,15842.0,TOTAL,,-,-,-,1,-,-,-,1
Caldas , Aguadas,17013.0,Hombre,Menores de Edad (<18 años),-,-,-,-,-,-,-,-
Caldas , Aguadas,17013.0,Hombre,Mayores de Edad (>18 años),-,-,-,6,-,-,-,6
Caldas , Aguadas,17013.0,HOMBRE,TOTAL,-,-,-,6,-,-,-,6
Caldas , Aguadas,17013.0,Mujer,Menores de Edad (<18 años),-,-,-,-,-,-,-,-
Caldas , Aguadas,17013.0,Mujer,Mayores de Edad (>18 años),-,-,-,-,-,-,-,-
Caldas , Aguadas,17013.0,MUJER,TOTAL,-,-,-,-,-,-,-,-
Caldas , Aguadas,17013.0,Indeterminado,Menores de Edad (<18 años),-,-,-,-,-,-,-,-
Caldas , Aguadas,17013.0,Indeterminado,Mayores de Edad (>18 años),-,-,-,-,-,-,-,-
Caldas , Aguadas,17013.0,INDETERMINADO,TOTAL,-,-,-,-,-,-,-,-
Caldas , Aguadas,17013.0,TOTAL,,-,-,-,6,-,-,-,6
Caldas , Anserma,17042.0,Hombre,Menores de Edad (<18 años),-,-,-,-,-,-,-,-
Caldas , Anserma,17042.0,Hombre,Mayores de Edad (>18 años),-,-,-,3,-,-,-,3
Caldas , Anserma,17042.0,HOMBRE,TOTAL,-,-,-,3,-,-,-,3
Caldas , Anserma,17042.0,Mujer,Menores de Edad (<18 años),-,-,-,-,-,-,-,-
Caldas , Anserma,17042.0,Mujer,Mayores de Edad (>18 años),-,-,-,1,-,-,-,1
Caldas , Anserma,17042.0,MUJER,TOTAL,-,-,-,1,-,-,-,1
Caldas , Anserma,17042.0,Indeterminado,Menores de Edad (<18 años),-,-,-,-,-,-,-,-
Caldas , Anserma,17042.0,Indeterminado,Mayores de Edad (>18 años),-,-,-,-,-,-,-,-
Caldas , Anserma,17042.0,INDETERMINADO,TOTAL,-,-,-,-,-,-,-,-
Caldas , Anserma,17042.0,TOTAL,,-,-,-,4,-,-,-,4
Caldas , Belalcázar,17088.0,Hombre,Menores de Edad (<18 años),-,-,-,-,-,-,-,-
Caldas , Belalcázar,17088.0,Hombre,Mayores de Edad (>18 años),-,-,-,5,-,-,-,5
Caldas , Belalcázar,17088.0,HOMBRE,TOTAL,-,-,-,5,-,-,-,5
Caldas , Belalcázar,17088.0,Mujer,Menores de Edad (<18 años),-,-,-,-,-,-,-,-
Caldas , Belalcázar,17088.0,Mujer,Mayores de Edad (>18 años),-,-,-,-,-,-,-,-
Caldas , Belalcázar,17088.0,MUJER,TOTAL,-,-,-,-,-,-,-,-
Caldas , Belalcázar,17088.0,Indeterminado,Menores de Edad (<18 años),-,-,-,-,-,-,-,-
Caldas , Belalcázar,17088.0,Indeterminado,Mayores de Edad (>18 años),-,-,-,-,-,-,-,-
Caldas , Belalcázar,17088.0,INDETERMINADO,TOTAL,-,-,-,-,-,-,-,-
Caldas , Belalcázar,17088.0,TOTAL,,-,-,-,5,-,-,-,5
Caldas , Chinchiná,17174.0,Hombre,Menores de Edad (<18 años),-,-,-,-,-,-,-,-
Caldas , Chinchiná,17174.0,Hombre,Mayores de Edad (>18 años),-,-,-,14,-,-,-,14
Caldas , Chinchiná,17174.0,HOMBRE,TOTAL,-,-,-,14,-,-,-,14
Caldas , Chinchiná,17174.0,Mujer,Menores de Edad (<18 años),-,-,-,-,-,-,-,-
Caldas , Chinchiná,17174.0,Mujer,Mayores de Edad (>18 años),-,-,-,1,-,-,-,1
Caldas , Chinchiná,17174.0,MUJER,TOTAL,-,-,-,1,-,-,-,1
Caldas , Chinchiná,17174.0,Indeterminado,Menores de Edad (<18 años),-,-,-,-,-,-,-,-
Caldas , Chinchiná,17174.0,Indeterminado,Mayores de Edad (>18 años),-,-,-,-,-,-,-,-
Caldas , Chinchiná,17174.0,INDETERMINADO,TOTAL,-,-,-,-,-,-,-,-
Caldas , Chinchiná,17174.0,TOTAL,,-,-,-,15,-,-,-,15
Caldas , Filadelfia,17272.0,Hombre,Menores de Edad (<18 años),-,-,-,-,-,-,-,-
Caldas , Filadelfia,17272.0,Hombre,Mayores de Edad (>18 años),-,-,-,2,-,-,-,2
Caldas , Filadelfia,17272.0,HOMBRE,TOTAL,-,-,-,2,-,-,-,2
Caldas , Filadelfia,17272.0,Mujer,Menores de Edad (<18 años),-,-,-,-,-,-,-,-
Caldas , Filadelfia,17272.0,Mujer,Mayores de Edad (>18 años),-,-,-,-,-,-,-,-
Caldas , Filadelfia,17272.0,MUJER,TOTAL,-,-,-,-,-,-,-,-
Caldas , Filadelfia,17272.0,Indeterminado,Menores de Edad (<18 años),-,-,-,-,-,-,-,-
Caldas , Filadelfia,17272.0,Indeterminado,Mayores de Edad (>18 años),-,-,-,-,-,-,-,-
Caldas , Filadelfia,17272.0,INDETERMINADO,TOTAL,-,-,-,-,-,-,-,-
Caldas , Filadelfia,17272.0,TOTAL,,-,-,-,2,-,-,-,2
Caldas , La Dorada,17380.0,Hombre,Menores de Edad (<18 años),-,-,-,1,-,-,-,1
Caldas , La Dorada,17380.0,Hombre,Mayores de Edad (>18 años),-,-,-,10,-,-,1,11
Caldas , La Dorada,17380.0,HOMBRE,TOTAL,-,-,-,11,-,-,1,12
Caldas , La Dorada,17380.0,Mujer,Menores de Edad (<18 años),-,-,-,-,-,-,-,-
Caldas , La Dorada,17380.0,Mujer,Mayores de Edad (>18 años),-,-,-,3,-,-,-,3
Caldas , La Dorada,17380.0,MUJER,TOTAL,-,-,-,3,-,-,-,3
Caldas , La Dorada,17380.0,Indeterminado,Menores de Edad (<18 años),-,-,-,-,-,-,-,-
Caldas , La Dorada,17380.0,Indeterminado,Mayores de Edad (>18 años),-,-,-,-,-,-,-,-
Caldas , La Dorada,17380.0,INDETERMINADO,TOTAL,-,-,-,-,-,-,-,-
Caldas , La Dorada,17380.0,TOTAL,,-,-,-,14,-,-,1,15
Caldas , Manizales,17001.0,Hombre,Menores de Edad (<18 años),-,-,-,2,-,-,1,3
Caldas , Manizales,17001.0,Hombre,Mayores de Edad (>18 años),-,-,-,39,-,1,-,40
Caldas , Manizales,17001.0,HOMBRE,TOTAL,-,-,-,41,-,1,1,43
Caldas , Manizales,17001.0,Mujer,Menores de Edad (<18 años),-,-,-,-,-,-,-,-
Caldas , Manizales,17001.0,Mujer,Mayores de Edad (>18 años),-,-,-,2,-,-,-,2
Caldas , Manizales,17001.0,MUJER,TOTAL,-,-,-,2,-,-,-,2
Caldas , Manizales,17001.0,Indeterminado,Menores de Edad (<18 años),-,-,-,-,-,-,-,-
Caldas , Manizales,17001.0,Indeterminado,Mayores de Edad (>18 años),-,-,-,-,-,-,-,-
Caldas , Manizales,17001.0,INDETERMINADO,TOTAL,-,-,-,-,-,-,-,-
Caldas , Manizales,17001.0,TOTAL,,-,-,-,43,-,1,1,45
Caldas , Marmato,17442.0,Hombre,Menores de Edad (<18 años),-,-,-,-,-,-,-,-
Caldas , Marmato,17442.0,Hombre,Mayores de Edad (>18 años),-,-,-,5,-,-,-,5
Caldas , Marmato,17442.0,HOMBRE,TOTAL,-,-,-,5,-,-,-,5
Caldas , Marmato,17442.0,Mujer,Menores de Edad (<18 años),-,-,-,-,-,-,-,-
Caldas , Marmato,17442.0,Mujer,Mayores de Edad (>18 años),-,-,-,1,-,-,-,1
Caldas , Marmato,17442.0,MUJER,TOTAL,-,-,-,1,-,-,-,1
Caldas , Marmato,17442.0,Indeterminado,Menores de Edad (<18 años),-,-,-,-,-,-,-,-
Caldas , Marmato,17442.0,Indeterminado,Mayores de Edad (>18 años),-,-,-,-,-,-,-,-
Caldas , Marmato,17442.0,INDETERMINADO,TOTAL,-,-,-,-,-,-,-,-
Caldas , Marmato,17442.0,TOTAL,,-,-,-,6,-,-,-,6
Caldas , Marquetalia,17444.0,Hombre,Menores de Edad (<18 años),-,-,-,1,-,-,-,1
Caldas , Marquetalia,17444.0,Hombre,Mayores de Edad (>18 años),-,1,-,1,-,-,-,2
Caldas , Marquetalia,17444.0,HOMBRE,TOTAL,-,1,-,2,-,-,-,3
Caldas , Marquetalia,17444.0,Mujer,Menores de Edad (<18 años),-,-,-,-,-,-,-,-
Caldas , Marquetalia,17444.0,Mujer,Mayores de Edad (>18 años),-,-,-,-,-,-,-,-
Caldas , Marquetalia,17444.0,MUJER,TOTAL,-,-,-,-,-,-,-,-
Caldas , Marquetalia,17444.0,Indeterminado,Menores de Edad (<18 años),-,-,-,-,-,-,-,-
Caldas , Marquetalia,17444.0,Indeterminado,Mayores de Edad (>18 años),-,-,-,-,-,-,-,-
Caldas , Marquetalia,17444.0,INDETERMINADO,TOTAL,-,-,-,-,-,-,-,-
Caldas , Marquetalia,17444.0,TOTAL,,-,1,-,2,-,-,-,3
Caldas , Marulanda,17446.0,Hombre,Menores de Edad (<18 años),-,-,-,-,-,-,-,-
Caldas , Marulanda,17446.0,Hombre,Mayores de Edad (>18 años),-,-,-,1,-,-,-,1
Caldas , Marulanda,17446.0,HOMBRE,TOTAL,-,-,-,1,-,-,-,1
Caldas , Marulanda,17446.0,Mujer,Menores de Edad (<18 años),-,-,-,-,-,-,-,-
Caldas , Marulanda,17446.0,Mujer,Mayores de Edad (>18 años),-,-,-,-,-,-,-,-
Caldas , Marulanda,17446.0,MUJER,TOTAL,-,-,-,-,-,-,-,-
Caldas , Marulanda,17446.0,Indeterminado,Menores de Edad (<18 años),-,-,-,-,-,-,-,-
Caldas , Marulanda,17446.0,Indeterminado,Mayores de Edad (>18 años),-,-,-,-,-,-,-,-
Caldas , Marulanda,17446.0,INDETERMINADO,TOTAL,-,-,-,-,-,-,-,-
Caldas , Marulanda,17446.0,TOTAL,,-,-,-,1,-,-,-,1
Caldas , Neira,17486.0,Hombre,Menores de Edad (<18 años),-,-,-,-,-,-,-,-
Caldas , Neira,17486.0,Hombre,Mayores de Edad (>18 años),-,-,-,9,-,1,-,10
Caldas , Neira,17486.0,HOMBRE,TOTAL,-,-,-,9,-,1,-,10
Caldas , Neira,17486.0,Mujer,Menores de Edad (<18 años),-,-,-,-,-,-,-,-
Caldas , Neira,17486.0,Mujer,Mayores de Edad (>18 años),-,-,-,-,-,-,-,-
Caldas , Neira,17486.0,MUJER,TOTAL,-,-,-,-,-,-,-,-
Caldas , Neira,17486.0,Indeterminado,Menores de Edad (<18 años),-,-,-,-,-,-,-,-
Caldas , Neira,17486.0,Indeterminado,Mayores de Edad (>18 años),-,-,-,-,-,-,-,-
Caldas , Neira,17486.0,INDETERMINADO,TOTAL,-,-,-,-,-,-,-,-
Caldas , Neira,17486.0,TOTAL,,-,-,-,9,-,1,-,10
Caldas , Norcasia,17495.0,Hombre,Menores de Edad (<18 años),-,-,-,-,-,-,-,-
Caldas , Norcasia,17495.0,Hombre,Mayores de Edad (>18 años),-,-,-,2,-,-,-,2
Caldas , Norcasia,17495.0,HOMBRE,TOTAL,-,-,-,2,-,-,-,2
Caldas , Norcasia,17495.0,Mujer,Menores de Edad (<18 años),-,-,-,-,-,-,-,-
Caldas , Norcasia,17495.0,Mujer,Mayores de Edad (>18 años),-,-,-,1,-,-,-,1
Caldas , Norcasia,17495.0,MUJER,TOTAL,-,-,-,1,-,-,-,1
Caldas , Norcasia,17495.0,Indeterminado,Menores de Edad (<18 años),-,-,-,-,-,-,-,-
Caldas , Norcasia,17495.0,Indeterminado,Mayores de Edad (>18 años),-,-,-,-,-,-,-,-
Caldas , Norcasia,17495.0,INDETERMINADO,TOTAL,-,-,-,-,-,-,-,-
Caldas , Norcasia,17495.0,TOTAL,,-,-,-,3,-,-,-,3
Caldas , Palestina,17524.0,Hombre,Menores de Edad (<18 años),-,-,-,-,-,-,-,-
Caldas , Palestina,17524.0,Hombre,Mayores de Edad (>18 años),-,-,-,6,-,-,-,6
Caldas , Palestina,17524.0,HOMBRE,TOTAL,-,-,-,6,-,-,-,6
Caldas , Palestina,17524.0,Mujer,Menores de Edad (<18 años),-,-,-,-,-,-,-,-
Caldas , Palestina,17524.0,Mujer,Mayores de Edad (>18 años),-,-,-,1,-,-,-,1
Caldas , Palestina,17524.0,MUJER,TOTAL,-,-,-,1,-,-,-,1
Caldas , Palestina,17524.0,Indeterminado,Menores de Edad (<18 años),-,-,-,-,-,-,-,-
Caldas , Palestina,17524.0,Indeterminado,Mayores de Edad (>18 años),-,-,-,-,-,-,-,-
Caldas , Palestina,17524.0,INDETERMINADO,TOTAL,-,-,-,-,-,-,-,-
Caldas , Palestina,17524.0,TOTAL,,-,-,-,7,-,-,-,7
Caldas , Riosucio,17614.0,Hombre,Menores de Edad (<18 años),-,-,-,-,-,-,-,-
Caldas , Riosucio,17614.0,Hombre,Mayores de Edad (>18 años),-,-,1,2,-,-,-,3
Caldas , Riosucio,17614.0,HOMBRE,TOTAL,-,-,1,2,-,-,-,3
Caldas , Riosucio,17614.0,Mujer,Menores de Edad (<18 años),-,-,-,-,-,-,-,-
Caldas , Riosucio,17614.0,Mujer,Mayores de Edad (>18 años),-,-,-,-,-,-,-,-
Caldas , Riosucio,17614.0,MUJER,TOTAL,-,-,-,-,-,-,-,-
Caldas , Riosucio,17614.0,Indeterminado,Menores de Edad (<18 años),-,-,-,-,-,-,-,-
Caldas , Riosucio,17614.0,Indeterminado,Mayores de Edad (>18 años),-,-,-,-,-,-,-,-
Caldas , Riosucio,17614.0,INDETERMINADO,TOTAL,-,-,-,-,-,-,-,-
Caldas , Riosucio,17614.0,TOTAL,,-,-,1,2,-,-,-,3
Caldas , Risaralda,17616.0,Hombre,Menores de Edad (<18 años),-,-,-,-,-,-,-,-
Caldas , Risaralda,17616.0,Hombre,Mayores de Edad (>18 años),-,-,-,2,-,-,-,2
Caldas , Risaralda,17616.0,HOMBRE,TOTAL,-,-,-,2,-,-,-,2
Caldas , Risaralda,17616.0,Mujer,Menores de Edad (<18 años),-,-,-,-,-,-,-,-
Caldas , Risaralda,17616.0,Mujer,Mayores de Edad (>18 años),-,-,-,-,-,-,-,-
Caldas , Risaralda,17616.0,MUJER,TOTAL,-,-,-,-,-,-,-,-
Caldas , Risaralda,17616.0,Indeterminado,Menores de Edad (<18 años),-,-,-,-,-,-,-,-
Caldas , Risaralda,17616.0,Indeterminado,Mayores de Edad (>18 años),-,-,-,-,-,-,-,-
Caldas , Risaralda,17616.0,INDETERMINADO,TOTAL,-,-,-,-,-,-,-,-
Caldas , Risaralda,17616.0,TOTAL,,-,-,-,2,-,-,-,2
Caldas , Salamina,17653.0,Hombre,Menores de Edad (<18 años),-,-,-,-,-,-,-,-
Caldas , Salamina,17653.0,Hombre,Mayores de Edad (>18 años),-,-,-,2,-,-,-,2
Caldas , Salamina,17653.0,HOMBRE,TOTAL,-,-,-,2,-,-,-,2
Caldas , Salamina,17653.0,Mujer,Menores de Edad (<18 años),-,-,-,-,-,-,-,-
Caldas , Salamina,17653.0,Mujer,Mayores de Edad (>18 años),-,-,-,-,-,-,-,-
Caldas , Salamina,17653.0,MUJER,TOTAL,-,-,-,-,-,-,-,-
Caldas , Salamina,17653.0,Indeterminado,Menores de Edad (<18 años),-,-,-,-,-,-,-,-
Caldas , Salamina,17653.0,Indeterminado,Mayores de Edad (>18 años),-,-,-,-,-,-,-,-
Caldas , Salamina,17653.0,INDETERMINADO,TOTAL,-,-,-,-,-,-,-,-
Caldas , Salamina,17653.0,TOTAL,,-,-,-,2,-,-,-,2
Caldas , Samaná,17662.0,Hombre,Menores de Edad (<18 años),-,-,-,1,-,-,-,1
Caldas , Samaná,17662.0,Hombre,Mayores de Edad (>18 años),-,-,-,5,1,-,-,6
Caldas , Samaná,17662.0,HOMBRE,TOTAL,-,-,-,6,1,-,-,7
Caldas , Samaná,17662.0,Mujer,Menores de Edad (<18 años),-,-,-,-,-,-,-,-
Caldas , Samaná,17662.0,Mujer,Mayores de Edad (>18 años),-,-,-,-,-,-,-,-
Caldas , Samaná,17662.0,MUJER,TOTAL,-,-,-,-,-,-,-,-
Caldas , Samaná,17662.0,Indeterminado,Menores de Edad (<18 años),-,-,-,-,-,-,-,-
Caldas , Samaná,17662.0,Indeterminado,Mayores de Edad (>18 años),-,-,-,-,-,-,-,-
Caldas , Samaná,17662.0,INDETERMINADO,TOTAL,-,-,-,-,-,-,-,-
Caldas , Samaná,17662.0,TOTAL,,-,-,-,6,1,-,-,7
Caldas , Supía,17777.0,Hombre,Menores de Edad (<18 años),-,-,-,2,-,-,-,2
Caldas , Supía,17777.0,Hombre,Mayores de Edad (>18 años),-,-,-,7,-,-,-,7
Caldas , Supía,17777.0,HOMBRE,TOTAL,-,-,-,9,-,-,-,9
Caldas , Supía,17777.0,Mujer,Menores de Edad (<18 años),-,-,-,-,-,-,-,-
Caldas , Supía,17777.0,Mujer,Mayores de Edad (>18 años),-,-,-,-,-,-,-,-
Caldas , Supía,17777.0,MUJER,TOTAL,-,-,-,-,-,-,-,-
Caldas , Supía,17777.0,Indeterminado,Menores de Edad (<18 años),-,-,-,-,-,-,-,-
Caldas , Supía,17777.0,Indeterminado,Mayores de Edad (>18 años),-,-,-,-,-,-,-,-
Caldas , Supía,17777.0,INDETERMINADO,TOTAL,-,-,-,-,-,-,-,-
Caldas , Supía,17777.0,TOTAL,,-,-,-,9,-,-,-,9
Caldas , Victoria,17867.0,Hombre,Menores de Edad (<18 años),-,-,-,-,-,-,-,-
Caldas , Victoria,17867.0,Hombre,Mayores de Edad (>18 años),-,-,-,2,-,-,-,2
Caldas , Victoria,17867.0,HOMBRE,TOTAL,-,-,-,2,-,-,-,2
Caldas , Victoria,17867.0,Mujer,Menores de Edad (<18 años),-,-,-,-,-,-,-,-
Caldas , Victoria,17867.0,Mujer,Mayores de Edad (>18 años),-,-,-,-,-,-,-,-
Caldas , Victoria,17867.0,MUJER,TOTAL,-,-,-,-,-,-,-,-
Caldas , Victoria,17867.0,Indeterminado,Menores de Edad (<18 años),-,-,-,-,-,-,-,-
Caldas , Victoria,17867.0,Indeterminado,Mayores de Edad (>18 años),-,-,-,-,-,-,-,-
Caldas , Victoria,17867.0,INDETERMINADO,TOTAL,-,-,-,-,-,-,-,-
Caldas , Victoria,17867.0,TOTAL,,-,-,-,2,-,-,-,2
Caldas , Villamaría,17873.0,Hombre,Menores de Edad (<18 años),-,-,-,-,-,-,-,-
Caldas , Villamaría,17873.0,Hombre,Mayores de Edad (>18 años),-,-,-,2,-,-,-,2
Caldas , Villamaría,17873.0,HOMBRE,TOTAL,-,-,-,2,-,-,-,2
Caldas , Villamaría,17873.0,Mujer,Menores de Edad (<18 años),-,-,-,-,-,-,-,-
Caldas , Villamaría,17873.0,Mujer,Mayores de Edad (>18 años),-,-,-,-,-,-,-,-
Caldas , Villamaría,17873.0,MUJER,TOTAL,-,-,-,-,-,-,-,-
Caldas , Villamaría,17873.0,Indeterminado,Menores de Edad (<18 años),-,-,-,-,-,-,-,-
Caldas , Villamaría,17873.0,Indeterminado,Mayores de Edad (>18 años),-,-,-,-,-,-,-,-
Caldas , Villamaría,17873.0,INDETERMINADO,TOTAL,-,-,-,-,-,-,-,-
Caldas , Villamaría,17873.0,TOTAL,,-,-,-,2,-,-,-,2
Caldas , Viterbo,17877.0,Hombre,Menores de Edad (<18 años),-,-,-,-,-,-,-,-
Caldas , Viterbo,17877.0,Hombre,Mayores de Edad (>18 años),-,-,-,1,-,-,-,1
Caldas , Viterbo,17877.0,HOMBRE,TOTAL,-,-,-,1,-,-,-,1
Caldas , Viterbo,17877.0,Mujer,Menores de Edad (<18 años),-,-,-,-,-,-,-,-
Caldas , Viterbo,17877.0,Mujer,Mayores de Edad (>18 años),-,-,-,-,-,-,-,-
Caldas , Viterbo,17877.0,MUJER,TOTAL,-,-,-,-,-,-,-,-
Caldas , Viterbo,17877.0,Indeterminado,Menores de Edad (<18 años),-,-,-,-,-,-,-,-
Caldas , Viterbo,17877.0,Indeterminado,Mayores de Edad (>18 años),-,-,-,-,-,-,-,-
Caldas , Viterbo,17877.0,INDETERMINADO,TOTAL,-,-,-,-,-,-,-,-
Caldas , Viterbo,17877.0,TOTAL,,-,-,-,1,-,-,-,1
Caquetá , Albania,18029.0,Hombre,Menores de Edad (<18 años),-,-,-,-,-,-,-,-
Caquetá , Albania,18029.0,Hombre,Mayores de Edad (>18 años),-,-,-,5,-,-,-,5
Caquetá , Albania,18029.0,HOMBRE,TOTAL,-,-,-,5,-,-,-,5
Caquetá , Albania,18029.0,Mujer,Menores de Edad (<18 años),-,-,-,-,-,-,-,-
Caquetá , Albania,18029.0,Mujer,Mayores de Edad (>18 años),-,-,-,-,-,-,-,-
Caquetá , Albania,18029.0,MUJER,TOTAL,-,-,-,-,-,-,-,-
Caquetá , Albania,18029.0,Indeterminado,Menores de Edad (<18 años),-,-,-,-,-,-,-,-
Caquetá , Albania,18029.0,Indeterminado,Mayores de Edad (>18 años),-,-,-,-,-,-,-,-
Caquetá , Albania,18029.0,INDETERMINADO,TOTAL,-,-,-,-,-,-,-,-
Caquetá , Albania,18029.0,TOTAL,,-,-,-,5,-,-,-,5
Caquetá , Belén de los Andaquíes,18094.0,Hombre,Menores de Edad (<18 años),-,-,-,-,-,-,-,-
Caquetá , Belén de los Andaquíes,18094.0,Hombre,Mayores de Edad (>18 años),-,-,2,3,-,-,-,5
Caquetá , Belén de los Andaquíes,18094.0,HOMBRE,TOTAL,-,-,2,3,-,-,-,5
Caquetá , Belén de los Andaquíes,18094.0,Mujer,Menores de Edad (<18 años),-,-,-,-,-,-,-,-
Caquetá , Belén de los Andaquíes,18094.0,Mujer,Mayores de Edad (>18 años),-,-,-,-,-,-,-,-
Caquetá , Belén de los Andaquíes,18094.0,MUJER,TOTAL,-,-,-,-,-,-,-,-
Caquetá , Belén de los Andaquíes,18094.0,Indeterminado,Menores de Edad (<18 años),-,-,-,-,-,-,1,1
Caquetá , Belén de los Andaquíes,18094.0,Indeterminado,Mayores de Edad (>18 años),-,-,-,-,-,-,-,-
Caquetá , Belén de los Andaquíes,18094.0,INDETERMINADO,TOTAL,-,-,-,-,-,-,1,1
Caquetá , Belén de los Andaquíes,18094.0,TOTAL,,-,-,2,3,-,-,1,6
Caquetá , Cartagena del Chairá,18150.0,Hombre,Menores de Edad (<18 años),-,-,-,-,-,-,-,-
Caquetá , Cartagena del Chairá,18150.0,Hombre,Mayores de Edad (>18 años),-,-,-,12,-,-,6,18
Caquetá , Cartagena del Chairá,18150.0,HOMBRE,TOTAL,-,-,-,12,-,-,6,18
Caquetá , Cartagena del Chairá,18150.0,Mujer,Menores de Edad (<18 años),-,-,-,-,-,-,-,-
Caquetá , Cartagena del Chairá,18150.0,Mujer,Mayores de Edad (>18 años),-,-,-,-,-,-,-,-
Caquetá , Cartagena del Chairá,18150.0,MUJER,TOTAL,-,-,-,-,-,-,-,-
Caquetá , Cartagena del Chairá,18150.0,Indeterminado,Menores de Edad (<18 años),-,-,-,-,-,-,-,-
Caquetá , Cartagena del Chairá,18150.0,Indeterminado,Mayores de Edad (>18 años),-,-,-,-,-,-,-,-
Caquetá , Cartagena del Chairá,18150.0,INDETERMINADO,TOTAL,-,-,-,-,-,-,-,-
Caquetá , Cartagena del Chairá,18150.0,TOTAL,,-,-,-,12,-,-,6,18
Caquetá , Curillo,18205.0,Hombre,Menores de Edad (<18 años),-,-,-,-,-,-,-,-
Caquetá , Curillo,18205.0,Hombre,Mayores de Edad (>18 años),-,-,-,3,-,-,1,4
Caquetá , Curillo,18205.0,HOMBRE,TOTAL,-,-,-,3,-,-,1,4
Caquetá , Curillo,18205.0,Mujer,Menores de Edad (<18 años),-,-,-,-,-,-,-,-
Caquetá , Curillo,18205.0,Mujer,Mayores de Edad (>18 años),-,-,-,-,-,-,1,1
Caquetá , Curillo,18205.0,MUJER,TOTAL,-,-,-,-,-,-,1,1
Caquetá , Curillo,18205.0,Indeterminado,Menores de Edad (<18 años),-,-,-,-,-,-,-,-
Caquetá , Curillo,18205.0,Indeterminado,Mayores de Edad (>18 años),-,-,-,-,-,-,-,-
Caquetá , Curillo,18205.0,INDETERMINADO,TOTAL,-,-,-,-,-,-,-,-
Caquetá , Curillo,18205.0,TOTAL,,-,-,-,3,-,-,2,5
Caquetá , El Doncello,18247.0,Hombre,Menores de Edad (<18 años),-,-,-,-,-,-,-,-
Caquetá , El Doncello,18247.0,Hombre,Mayores de Edad (>18 años),-,-,-,8,-,-,1,9
Caquetá , El Doncello,18247.0,HOMBRE,TOTAL,-,-,-,8,-,-,1,9
Caquetá , El Doncello,18247.0,Mujer,Menores de Edad (<18 años),-,-,-,-,-,-,-,-
Caquetá , El Doncello,18247.0,Mujer,Mayores de Edad (>18 años),-,-,-,-,-,-,-,-
Caquetá , El Doncello,18247.0,MUJER,TOTAL,-,-,-,-,-,-,-,-
Caquetá , El Doncello,18247.0,Indeterminado,Menores de Edad (<18 años),-,-,-,-,-,-,-,-
Caquetá , El Doncello,18247.0,Indeterminado,Mayores de Edad (>18 años),-,-,-,-,-,-,-,-
Caquetá , El Doncello,18247.0,INDETERMINADO,TOTAL,-,-,-,-,-,-,-,-
Caquetá , El Doncello,18247.0,TOTAL,,-,-,-,8,-,-,1,9
Caquetá , El Paujíl,18256.0,Hombre,Menores de Edad (<18 años),-,-,-,-,-,-,-,-
Caquetá , El Paujíl,18256.0,Hombre,Mayores de Edad (>18 años),-,-,-,2,-,-,1,3
Caquetá , El Paujíl,18256.0,HOMBRE,TOTAL,-,-,-,2,-,-,1,3
Caquetá , El Paujíl,18256.0,Mujer,Menores de Edad (<18 años),-,-,-,-,-,-,-,-
Caquetá , El Paujíl,18256.0,Mujer,Mayores de Edad (>18 años),-,-,-,-,-,-,-,-
Caquetá , El Paujíl,18256.0,MUJER,TOTAL,-,-,-,-,-,-,-,-
Caquetá , El Paujíl,18256.0,Indeterminado,Menores de Edad (<18 años),-,-,-,-,-,-,-,-
Caquetá , El Paujíl,18256.0,Indeterminado,Mayores de Edad (>18 años),-,-,-,-,-,-,-,-
Caquetá , El Paujíl,18256.0,INDETERMINADO,TOTAL,-,-,-,-,-,-,-,-
Caquetá , El Paujíl,18256.0,TOTAL,,-,-,-,2,-,-,1,3
Caquetá , Florencia,18001.0,Hombre,Menores de Edad (<18 años),-,-,-,-,-,-,-,-
Caquetá , Florencia,18001.0,Hombre,Mayores de Edad (>18 años),-,-,1,20,-,-,17,38
Caquetá , Florencia,18001.0,HOMBRE,TOTAL,-,-,1,20,-,-,17,38
Caquetá , Florencia,18001.0,Mujer,Menores de Edad (<18 años),-,-,-,-,-,-,-,-
Caquetá , Florencia,18001.0,Mujer,Mayores de Edad (>18 años),-,-,-,4,-,-,-,4
Caquetá , Florencia,18001.0,MUJER,TOTAL,-,-,-,4,-,-,-,4
Caquetá , Florencia,18001.0,Indeterminado,Menores de Edad (<18 años),-,-,-,-,-,-,-,-
Caquetá , Florencia,18001.0,Indeterminado,Mayores de Edad (>18 años),-,-,-,-,-,-,-,-
Caquetá , Florencia,18001.0,INDETERMINADO,TOTAL,-,-,-,-,-,-,-,-
Caquetá , Florencia,18001.0,TOTAL,,-,-,1,24,-,-,17,42
Caquetá , Milán,18460.0,Hombre,Menores de Edad (<18 años),-,-,-,-,-,-,-,-
Caquetá , Milán,18460.0,Hombre,Mayores de Edad (>18 años),-,-,-,3,-,-,-,3
Caquetá , Milán,18460.0,HOMBRE,TOTAL,-,-,-,3,-,-,-,3
Caquetá , Milán,18460.0,Mujer,Menores de Edad (<18 años),-,-,-,-,-,-,-,-
Caquetá , Milán,18460.0,Mujer,Mayores de Edad (>18 años),-,-,-,-,-,-,-,-
Caquetá , Milán,18460.0,MUJER,TOTAL,-,-,-,-,-,-,-,-
Caquetá , Milán,18460.0,Indeterminado,Menores de Edad (<18 años),-,-,-,-,-,-,-,-
Caquetá , Milán,18460.0,Indeterminado,Mayores de Edad (>18 años),-,-,-,-,-,-,-,-
Caquetá , Milán,18460.0,INDETERMINADO,TOTAL,-,-,-,-,-,-,-,-
Caquetá , Milán,18460.0,TOTAL,,-,-,-,3,-,-,-,3
Caquetá , Morelia,18479.0,Hombre,Menores de Edad (<18 años),-,-,-,-,-,-,-,-
Caquetá , Morelia,18479.0,Hombre,Mayores de Edad (>18 años),-,-,-,-,-,-,2,2
Caquetá , Morelia,18479.0,HOMBRE,TOTAL,-,-,-,-,-,-,2,2
Caquetá , Morelia,18479.0,Mujer,Menores de Edad (<18 años),-,-,-,-,-,-,-,-
Caquetá , Morelia,18479.0,Mujer,Mayores de Edad (>18 años),-,-,-,-,-,-,-,-
Caquetá , Morelia,18479.0,MUJER,TOTAL,-,-,-,-,-,-,-,-
Caquetá , Morelia,18479.0,Indeterminado,Menores de Edad (<18 años),-,-,-,-,-,-,-,-
Caquetá , Morelia,18479.0,Indeterminado,Mayores de Edad (>18 años),-,-,-,-,-,-,-,-
Caquetá , Morelia,18479.0,INDETERMINADO,TOTAL,-,-,-,-,-,-,-,-
Caquetá , Morelia,18479.0,TOTAL,,-,-,-,-,-,-,2,2
Caquetá , Puerto Rico,18592.0,Hombre,Menores de Edad (<18 años),-,-,-,-,-,-,-,-
Caquetá , Puerto Rico,18592.0,Hombre,Mayores de Edad (>18 años),-,-,-,8,-,-,1,9
Caquetá , Puerto Rico,18592.0,HOMBRE,TOTAL,-,-,-,8,-,-,1,9
Caquetá , Puerto Rico,18592.0,Mujer,Menores de Edad (<18 años),-,-,-,-,-,-,-,-
Caquetá , Puerto Rico,18592.0,Mujer,Mayores de Edad (>18 años),-,-,-,-,-,-,-,-
Caquetá , Puerto Rico,18592.0,MUJER,TOTAL,-,-,-,-,-,-,-,-
Caquetá , Puerto Rico,18592.0,Indeterminado,Menores de Edad (<18 años),-,-,-,-,-,-,-,-
Caquetá , Puerto Rico,18592.0,Indeterminado,Mayores de Edad (>18 años),-,-,-,-,-,-,-,-
Caquetá , Puerto Rico,18592.0,INDETERMINADO,TOTAL,-,-,-,-,-,-,-,-
Caquetá , Puerto Rico,18592.0,TOTAL,,-,-,-,8,-,-,1,9
Caquetá , San José del Fragua,18610.0,Hombre,Menores de Edad (<18 años),-,-,-,-,-,-,-,-
Caquetá , San José del Fragua,18610.0,Hombre,Mayores de Edad (>18 años),-,-,-,6,-,-,2,8
Caquetá , San José del Fragua,18610.0,HOMBRE,TOTAL,-,-,-,6,-,-,2,8
Caquetá , San José del Fragua,18610.0,Mujer,Menores de Edad (<18 años),-,-,-,-,-,-,-,-
Caquetá , San José del Fragua,18610.0,Mujer,Mayores de Edad (>18 años),-,-,-,-,-,-,-,-
Caquetá , San José del Fragua,18610.0,MUJER,TOTAL,-,-,-,-,-,-,-,-
Caquetá , San José del Fragua,18610.0,Indeterminado,Menores de Edad (<18 años),-,-,-,-,-,-,-,-
Caquetá , San José del Fragua,18610.0,Indeterminado,Mayores de Edad (>18 años),-,-,-,-,-,-,-,-
Caquetá , San José del Fragua,18610.0,INDETERMINADO,TOTAL,-,-,-,-,-,-,-,-
Caquetá , San José del Fragua,18610.0,TOTAL,,-,-,-,6,-,-,2,8
Caquetá , San Vicente del Caguán,18753.0,Hombre,Menores de Edad (<18 años),-,-,-,-,-,-,1,1
Caquetá , San Vicente del Caguán,18753.0,Hombre,Mayores de Edad (>18 años),-,-,-,15,-,-,6,21
Caquetá , San Vicente del Caguán,18753.0,HOMBRE,TOTAL,-,-,-,15,-,-,7,22
Caquetá , San Vicente del Caguán,18753.0,Mujer,Menores de Edad (<18 años),-,-,-,-,-,-,-,-
Caquetá , San Vicente del Caguán,18753.0,Mujer,Mayores de Edad (>18 años),-,-,-,4,-,-,-,4
Caquetá , San Vicente del Caguán,18753.0,MUJER,TOTAL,-,-,-,4,-,-,-,4
Caquetá , San Vicente del Caguán,18753.0,Indeterminado,Menores de Edad (<18 años),-,-,-,-,-,-,-,-
Caquetá , San Vicente del Caguán,18753.0,Indeterminado,Mayores de Edad (>18 años),-,-,-,-,-,-,-,-
Caquetá , San Vicente del Caguán,18753.0,INDETERMINADO,TOTAL,-,-,-,-,-,-,-,-
Caquetá , San Vicente del Caguán,18753.0,TOTAL,,-,-,-,19,-,-,7,26
Caquetá , Solano,18756.0,Hombre,Menores de Edad (<18 años),-,-,-,-,-,-,-,-
Caquetá , Solano,18756.0,Hombre,Mayores de Edad (>18 años),-,-,-,2,-,-,1,3
Caquetá , Solano,18756.0,HOMBRE,TOTAL,-,-,-,2,-,-,1,3
Caquetá , Solano,18756.0,Mujer,Menores de Edad (<18 años),-,-,-,-,-,-,-,-
Caquetá , Solano,18756.0,Mujer,Mayores de Edad (>18 años),-,-,-,-,-,-,-,-
Caquetá , Solano,18756.0,MUJER,TOTAL,-,-,-,-,-,-,-,-
Caquetá , Solano,18756.0,Indeterminado,Menores de Edad (<18 años),-,-,-,-,-,-,-,-
Caquetá , Solano,18756.0,Indeterminado,Mayores de Edad (>18 años),-,-,-,-,-,-,-,-
Caquetá , Solano,18756.0,INDETERMINADO,TOTAL,-,-,-,-,-,-,-,-
Caquetá , Solano,18756.0,TOTAL,,-,-,-,2,-,-,1,3
Caquetá , Solita,18785.0,Hombre,Menores de Edad (<18 años),-,-,-,-,-,-,-,-
Caquetá , Solita,18785.0,Hombre,Mayores de Edad (>18 años),-,-,-,3,-,-,-,3
Caquetá , Solita,18785.0,HOMBRE,TOTAL,-,-,-,3,-,-,-,3
Caquetá , Solita,18785.0,Mujer,Menores de Edad (<18 años),-,-,-,-,-,-,-,-
Caquetá , Solita,18785.0,Mujer,Mayores de Edad (>18 años),-,-,-,-,-,-,-,-
Caquetá , Solita,18785.0,MUJER,TOTAL,-,-,-,-,-,-,-,-
Caquetá , Solita,18785.0,Indeterminado,Menores de Edad (<18 años),-,-,-,-,-,-,-,-
Caquetá , Solita,18785.0,Indeterminado,Mayores de Edad (>18 años),-,-,-,-,-,-,-,-
Caquetá , Solita,18785.0,INDETERMINADO,TOTAL,-,-,-,-,-,-,-,-
Caquetá , Solita,18785.0,TOTAL,,-,-,-,3,-,-,-,3
Casanare , Aguazul,85010.0,Hombre,Menores de Edad (<18 años),-,-,-,-,-,-,-,-
Casanare , Aguazul,85010.0,Hombre,Mayores de Edad (>18 años),-,1,-,2,-,-,-,3
Casanare , Aguazul,85010.0,HOMBRE,TOTAL,-,1,-,2,-,-,-,3
Casanare , Aguazul,85010.0,Mujer,Menores de Edad (<18 años),-,-,-,-,-,-,-,-
Casanare , Aguazul,85010.0,Mujer,Mayores de Edad (>18 años),-,-,-,-,-,-,-,-
Casanare , Aguazul,85010.0,MUJER,TOTAL,-,-,-,-,-,-,-,-
Casanare , Aguazul,85010.0,Indeterminado,Menores de Edad (<18 años),-,-,-,-,-,-,-,-
Casanare , Aguazul,85010.0,Indeterminado,Mayores de Edad (>18 años),-,-,-,-,-,-,-,-
Casanare , Aguazul,85010.0,INDETERMINADO,TOTAL,-,-,-,-,-,-,-,-
Casanare , Aguazul,85010.0,TOTAL,,-,1,-,2,-,-,-,3
Casanare , Hato Corozal,85125.0,Hombre,Menores de Edad (<18 años),-,-,-,-,-,-,-,-
Casanare , Hato Corozal,85125.0,Hombre,Mayores de Edad (>18 años),-,-,-,1,-,-,-,1
Casanare , Hato Corozal,85125.0,HOMBRE,TOTAL,-,-,-,1,-,-,-,1
Casanare , Hato Corozal,85125.0,Mujer,Menores de Edad (<18 años),-,-,-,-,-,-,-,-
Casanare , Hato Corozal,85125.0,Mujer,Mayores de Edad (>18 años),-,-,-,-,-,-,-,-
Casanare , Hato Corozal,85125.0,MUJER,TOTAL,-,-,-,-,-,-,-,-
Casanare , Hato Corozal,85125.0,Indeterminado,Menores de Edad (<18 años),-,-,-,-,-,-,-,-
Casanare , Hato Corozal,85125.0,Indeterminado,Mayores de Edad (>18 años),-,-,-,-,-,-,-,-
Casanare , Hato Corozal,85125.0,INDETERMINADO,TOTAL,-,-,-,-,-,-,-,-
Casanare , Hato Corozal,85125.0,TOTAL,,-,-,-,1,-,-,-,1
Casanare , Maní,85139.0,Hombre,Menores de Edad (<18 años),-,-,-,-,-,-,-,-
Casanare , Maní,85139.0,Hombre,Mayores de Edad (>18 años),-,-,-,5,-,-,-,5
Casanare , Maní,85139.0,HOMBRE,TOTAL,-,-,-,5,-,-,-,5
Casanare , Maní,85139.0,Mujer,Menores de Edad (<18 años),-,-,-,-,-,-,-,-
Casanare , Maní,85139.0,Mujer,Mayores de Edad (>18 años),-,-,-,3,-,-,-,3
Casanare , Maní,85139.0,MUJER,TOTAL,-,-,-,3,-,-,-,3
Casanare , Maní,85139.0,Indeterminado,Menores de Edad (<18 años),-,-,-,-,-,-,-,-
Casanare , Maní,85139.0,Indeterminado,Mayores de Edad (>18 años),-,-,-,-,-,-,-,-
Casanare , Maní,85139.0,INDETERMINADO,TOTAL,-,-,-,-,-,-,-,-
Casanare , Maní,85139.0,TOTAL,,-,-,-,8,-,-,-,8
Casanare , Monterrey,85162.0,Hombre,Menores de Edad (<18 años),-,-,-,-,-,-,-,-
Casanare , Monterrey,85162.0,Hombre,Mayores de Edad (>18 años),-,-,-,4,-,-,-,4
Casanare , Monterrey,85162.0,HOMBRE,TOTAL,-,-,-,4,-,-,-,4
Casanare , Monterrey,85162.0,Mujer,Menores de Edad (<18 años),-,-,-,-,-,-,-,-
Casanare , Monterrey,85162.0,Mujer,Mayores de Edad (>18 años),-,-,-,-,-,-,-,-
Casanare , Monterrey,85162.0,MUJER,TOTAL,-,-,-,-,-,-,-,-
Casanare , Monterrey,85162.0,Indeterminado,Menores de Edad (<18 años),-,-,-,-,-,-,-,-
Casanare , Monterrey,85162.0,Indeterminado,Mayores de Edad (>18 años),-,-,-,-,-,-,-,-
Casanare , Monterrey,85162.0,INDETERMINADO,TOTAL,-,-,-,-,-,-,-,-
Casanare , Monterrey,85162.0,TOTAL,,-,-,-,4,-,-,-,4
Casanare , Nunchía,85225.0,Hombre,Menores de Edad (<18 años),-,-,-,-,-,-,-,-
Casanare , Nunchía,85225.0,Hombre,Mayores de Edad (>18 años),-,-,-,3,-,-,-,3
Casanare , Nunchía,85225.0,HOMBRE,TOTAL,-,-,-,3,-,-,-,3
Casanare , Nunchía,85225.0,Mujer,Menores de Edad (<18 años),-,-,-,-,-,-,-,-
Casanare , Nunchía,85225.0,Mujer,Mayores de Edad (>18 años),-,-,-,-,-,-,-,-
Casanare , Nunchía,85225.0,MUJER,TOTAL,-,-,-,-,-,-,-,-
Casanare , Nunchía,85225.0,Indeterminado,Menores de Edad (<18 años),-,-,-,-,-,-,-,-
Casanare , Nunchía,85225.0,Indeterminado,Mayores de Edad (>18 años),-,-,-,-,-,-,-,-
Casanare , Nunchía,85225.0,INDETERMINADO,TOTAL,-,-,-,-,-,-,-,-
Casanare , Nunchía,85225.0,TOTAL,,-,-,-,3,-,-,-,3
Casanare , Orocué,85230.0,Hombre,Menores de Edad (<18 años),-,-,-,1,-,-,1,2
Casanare , Orocué,85230.0,Hombre,Mayores de Edad (>18 años),-,-,-,1,-,-,-,1
Casanare , Orocué,85230.0,HOMBRE,TOTAL,-,-,-,2,-,-,1,3
Casanare , Orocué,85230.0,Mujer,Menores de Edad (<18 años),-,-,-,-,-,-,-,-
Casanare , Orocué,85230.0,Mujer,Mayores de Edad (>18 años),-,-,-,-,-,-,-,-
Casanare , Orocué,85230.0,MUJER,TOTAL,-,-,-,-,-,-,-,-
Casanare , Orocué,85230.0,Indeterminado,Menores de Edad (<18 años),-,-,-,-,-,-,-,-
Casanare , Orocué,85230.0,Indeterminado,Mayores de Edad (>18 años),-,-,-,-,-,-,-,-
Casanare , Orocué,85230.0,INDETERMINADO,TOTAL,-,-,-,-,-,-,-,-
Casanare , Orocué,85230.0,TOTAL,,-,-,-,2,-,-,1,3
Casanare , Paz de Ariporo,85250.0,Hombre,Menores de Edad (<18 años),-,-,-,1,-,-,-,1
Casanare , Paz de Ariporo,85250.0,Hombre,Mayores de Edad (>18 años),-,-,-,5,-,-,-,5
Casanare , Paz de Ariporo,85250.0,HOMBRE,TOTAL,-,-,-,6,-,-,-,6
Casanare , Paz de Ariporo,85250.0,Mujer,Menores de Edad (<18 años),-,-,-,-,-,-,-,-
Casanare , Paz de Ariporo,85250.0,Mujer,Mayores de Edad (>18 años),-,-,-,-,-,-,-,-
Casanare , Paz de Ariporo,85250.0,MUJER,TOTAL,-,-,-,-,-,-,-,-
Casanare , Paz de Ariporo,85250.0,Indeterminado,Menores de Edad (<18 años),-,-,-,-,-,-,-,-
Casanare , Paz de Ariporo,85250.0,Indeterminado,Mayores de Edad (>18 años),-,-,-,-,-,-,-,-
Casanare , Paz de Ariporo,85250.0,INDETERMINADO,TOTAL,-,-,-,-,-,-,-,-
Casanare , Paz de Ariporo,85250.0,TOTAL,,-,-,-,6,-,-,-,6
Casanare , Sabanalarga,85300.0,Hombre,Menores de Edad (<18 años),-,-,-,-,-,-,-,-
Casanare , Sabanalarga,85300.0,Hombre,Mayores de Edad (>18 años),-,-,-,-,-,-,-,-
Casanare , Sabanalarga,85300.0,HOMBRE,TOTAL,-,-,-,-,-,-,-,-
Casanare , Sabanalarga,85300.0,Mujer,Menores de Edad (<18 años),-,-,-,-,-,-,-,-
Casanare , Sabanalarga,85300.0,Mujer,Mayores de Edad (>18 años),-,-,-,1,-,-,-,1
Casanare , Sabanalarga,85300.0,MUJER,TOTAL,-,-,-,1,-,-,-,1
Casanare , Sabanalarga,85300.0,Indeterminado,Menores de Edad (<18 años),-,-,-,-,-,-,-,-
Casanare , Sabanalarga,85300.0,Indeterminado,Mayores de Edad (>18 años),-,-,-,-,-,-,-,-
Casanare , Sabanalarga,85300.0,INDETERMINADO,TOTAL,-,-,-,-,-,-,-,-
Casanare , Sabanalarga,85300.0,TOTAL,,-,-,-,1,-,-,-,1
Casanare , Sácama,85315.0,Hombre,Menores de Edad (<18 años),-,-,-,-,-,-,-,-
Casanare , Sácama,85315.0,Hombre,Mayores de Edad (>18 años),-,-,-,1,-,-,-,1
Casanare , Sácama,85315.0,HOMBRE,TOTAL,-,-,-,1,-,-,-,1
Casanare , Sácama,85315.0,Mujer,Menores de Edad (<18 años),-,-,-,-,-,-,-,-
Casanare , Sácama,85315.0,Mujer,Mayores de Edad (>18 años),-,-,-,-,-,-,-,-
Casanare , Sácama,85315.0,MUJER,TOTAL,-,-,-,-,-,-,-,-
Casanare , Sácama,85315.0,Indeterminado,Menores de Edad (<18 años),-,-,-,-,-,-,-,-
Casanare , Sácama,85315.0,Indeterminado,Mayores de Edad (>18 años),-,-,-,-,-,-,-,-
Casanare , Sácama,85315.0,INDETERMINADO,TOTAL,-,-,-,-,-,-,-,-
Casanare , Sácama,85315.0,TOTAL,,-,-,-,1,-,-,-,1
Casanare , San Luis de Palenque,85325.0,Hombre,Menores de Edad (<18 años),-,-,-,-,-,-,-,-
Casanare , San Luis de Palenque,85325.0,Hombre,Mayores de Edad (>18 años),-,-,-,2,-,-,-,2
Casanare , San Luis de Palenque,85325.0,HOMBRE,TOTAL,-,-,-,2,-,-,-,2
Casanare , San Luis de Palenque,85325.0,Mujer,Menores de Edad (<18 años),-,-,-,-,-,-,-,-
Casanare , San Luis de Palenque,85325.0,Mujer,Mayores de Edad (>18 años),-,-,-,-,-,-,-,-
Casanare , San Luis de Palenque,85325.0,MUJER,TOTAL,-,-,-,-,-,-,-,-
Casanare , San Luis de Palenque,85325.0,Indeterminado,Menores de Edad (<18 años),-,-,-,-,-,-,-,-
Casanare , San Luis de Palenque,85325.0,Indeterminado,Mayores de Edad (>18 años),-,-,-,-,-,-,-,-
Casanare , San Luis de Palenque,85325.0,INDETERMINADO,TOTAL,-,-,-,-,-,-,-,-
Casanare , San Luis de Palenque,85325.0,TOTAL,,-,-,-,2,-,-,-,2
Casanare , Támara,85400.0,Hombre,Menores de Edad (<18 años),-,-,-,-,-,-,-,-
Casanare , Támara,85400.0,Hombre,Mayores de Edad (>18 años),-,-,-,1,-,-,-,1
Casanare , Támara,85400.0,HOMBRE,TOTAL,-,-,-,1,-,-,-,1
Casanare , Támara,85400.0,Mujer,Menores de Edad (<18 años),-,-,-,-,-,-,-,-
Casanare , Támara,85400.0,Mujer,Mayores de Edad (>18 años),-,-,-,-,-,-,-,-
Casanare , Támara,85400.0,MUJER,TOTAL,-,-,-,-,-,-,-,-
Casanare , Támara,85400.0,Indeterminado,Menores de Edad (<18 años),-,-,-,-,-,-,-,-
Casanare , Támara,85400.0,Indeterminado,Mayores de Edad (>18 años),-,-,-,-,-,-,-,-
Casanare , Támara,85400.0,INDETERMINADO,TOTAL,-,-,-,-,-,-,-,-
Casanare , Támara,85400.0,TOTAL,,-,-,-,1,-,-,-,1
Casanare , Tauramena,85410.0,Hombre,Menores de Edad (<18 años),-,-,-,-,-,-,-,-
Casanare , Tauramena,85410.0,Hombre,Mayores de Edad (>18 años),-,-,-,4,-,-,-,4
Casanare , Tauramena,85410.0,HOMBRE,TOTAL,-,-,-,4,-,-,-,4
Casanare , Tauramena,85410.0,Mujer,Menores de Edad (<18 años),-,-,-,-,-,-,-,-
Casanare , Tauramena,85410.0,Mujer,Mayores de Edad (>18 años),-,-,-,-,-,-,-,-
Casanare , Tauramena,85410.0,MUJER,TOTAL,-,-,-,-,-,-,-,-
Casanare , Tauramena,85410.0,Indeterminado,Menores de Edad (<18 años),-,-,-,-,-,-,-,-
Casanare , Tauramena,85410.0,Indeterminado,Mayores de Edad (>18 años),-,-,-,-,-,-,-,-
Casanare , Tauramena,85410.0,INDETERMINADO,TOTAL,-,-,-,-,-,-,-,-
Casanare , Tauramena,85410.0,TOTAL,,-,-,-,4,-,-,-,4
Casanare , Trinidad,85430.0,Hombre,Menores de Edad (<18 años),-,-,-,-,-,-,-,-
Casanare , Trinidad,85430.0,Hombre,Mayores de Edad (>18 años),-,-,-,1,-,-,-,1
Casanare , Trinidad,85430.0,HOMBRE,TOTAL,-,-,-,1,-,-,-,1
Casanare , Trinidad,85430.0,Mujer,Menores de Edad (<18 años),-,-,-,-,-,-,-,-
Casanare , Trinidad,85430.0,Mujer,Mayores de Edad (>18 años),-,-,-,-,-,-,-,-
Casanare , Trinidad,85430.0,MUJER,TOTAL,-,-,-,-,-,-,-,-
Casanare , Trinidad,85430.0,Indeterminado,Menores de Edad (<18 años),-,-,-,-,-,-,-,-
Casanare , Trinidad,85430.0,Indeterminado,Mayores de Edad (>18 años),-,-,-,-,-,-,-,-
Casanare , Trinidad,85430.0,INDETERMINADO,TOTAL,-,-,-,-,-,-,-,-
Casanare , Trinidad,85430.0,TOTAL,,-,-,-,1,-,-,-,1
Casanare , Villanueva,85440.0,Hombre,Menores de Edad (<18 años),-,-,-,1,-,-,-,1
Casanare , Villanueva,85440.0,Hombre,Mayores de Edad (>18 años),-,1,-,8,-,-,-,9
Casanare , Villanueva,85440.0,HOMBRE,TOTAL,-,1,-,9,-,-,-,10
Casanare , Villanueva,85440.0,Mujer,Menores de Edad (<18 años),-,-,-,1,-,-,-,1
Casanare , Villanueva,85440.0,Mujer,Mayores de Edad (>18 años),-,-,-,-,-,-,-,-
Casanare , Villanueva,85440.0,MUJER,TOTAL,-,-,-,1,-,-,-,1
Casanare , Villanueva,85440.0,Indeterminado,Menores de Edad (<18 años),-,-,-,-,-,-,-,-
Casanare , Villanueva,85440.0,Indeterminado,Mayores de Edad (>18 años),-,-,-,-,-,-,-,-
Casanare , Villanueva,85440.0,INDETERMINADO,TOTAL,-,-,-,-,-,-,-,-
Casanare , Villanueva,85440.0,TOTAL,,-,1,-,10,-,-,-,11
Casanare , Yopal,85001.0,Hombre,Menores de Edad (<18 años),-,-,-,1,-,-,1,2
Casanare , Yopal,85001.0,Hombre,Mayores de Edad (>18 años),1,1,-,28,-,-,-,30
Casanare , Yopal,85001.0,HOMBRE,TOTAL,1,1,-,29,-,-,1,32
Casanare , Yopal,85001.0,Mujer,Menores de Edad (<18 años),-,-,-,2,-,-,-,2
Casanare , Yopal,85001.0,Mujer,Mayores de Edad (>18 años),-,-,-,3,-,-,-,3
Casanare , Yopal,85001.0,MUJER,TOTAL,-,-,-,5,-,-,-,5
Casanare , Yopal,85001.0,Indeterminado,Menores de Edad (<18 años),-,-,-,-,-,-,-,-
Casanare , Yopal,85001.0,Indeterminado,Mayores de Edad (>18 años),-,-,-,-,-,-,-,-
Casanare , Yopal,85001.0,INDETERMINADO,TOTAL,-,-,-,-,-,-,-,-
Casanare , Yopal,85001.0,TOTAL,,1,1,-,34,-,-,1,37
Cauca , Almaguer,19022.0,Hombre,Menores de Edad (<18 años),-,-,-,-,-,-,-,-
Cauca , Almaguer,19022.0,Hombre,Mayores de Edad (>18 años),-,-,-,5,-,-,-,5
Cauca , Almaguer,19022.0,HOMBRE,TOTAL,-,-,-,5,-,-,-,5
Cauca , Almaguer,19022.0,Mujer,Menores de Edad (<18 años),-,-,-,-,-,-,-,-
Cauca , Almaguer,19022.0,Mujer,Mayores de Edad (>18 años),-,-,-,-,-,-,-,-
Cauca , Almaguer,19022.0,MUJER,TOTAL,-,-,-,-,-,-,-,-
Cauca , Almaguer,19022.0,Indeterminado,Menores de Edad (<18 años),-,-,-,-,-,-,-,-
Cauca , Almaguer,19022.0,Indeterminado,Mayores de Edad (>18 años),-,-,-,-,-,-,-,-
Cauca , Almaguer,19022.0,INDETERMINADO,TOTAL,-,-,-,-,-,-,-,-
Cauca , Almaguer,19022.0,TOTAL,,-,-,-,5,-,-,-,5
Cauca , Argelia,19050.0,Hombre,Menores de Edad (<18 años),-,-,-,4,1,-,-,5
Cauca , Argelia,19050.0,Hombre,Mayores de Edad (>18 años),-,-,2,57,3,4,2,68
Cauca , Argelia,19050.0,HOMBRE,TOTAL,-,-,2,61,4,4,2,73
Cauca , Argelia,19050.0,Mujer,Menores de Edad (<18 años),-,-,-,-,1,-,-,1
Cauca , Argelia,19050.0,Mujer,Mayores de Edad (>18 años),-,-,-,4,-,-,-,4
Cauca , Argelia,19050.0,MUJER,TOTAL,-,-,-,4,1,-,-,5
Cauca , Argelia,19050.0,Indeterminado,Menores de Edad (<18 años),-,-,-,-,-,-,-,-
Cauca , Argelia,19050.0,Indeterminado,Mayores de Edad (>18 años),-,-,-,-,-,-,-,-
Cauca , Argelia,19050.0,INDETERMINADO,TOTAL,-,-,-,-,-,-,-,-
Cauca , Argelia,19050.0,TOTAL,,-,-,2,65,5,4,2,78
Cauca , Balboa,19075.0,Hombre,Menores de Edad (<18 años),-,-,-,-,-,-,-,-
Cauca , Balboa,19075.0,Hombre,Mayores de Edad (>18 años),-,-,-,9,-,-,-,9
Cauca , Balboa,19075.0,HOMBRE,TOTAL,-,-,-,9,-,-,-,9
Cauca , Balboa,19075.0,Mujer,Menores de Edad (<18 años),-,-,-,-,-,-,-,-
Cauca , Balboa,19075.0,Mujer,Mayores de Edad (>18 años),-,-,-,-,-,-,-,-
Cauca , Balboa,19075.0,MUJER,TOTAL,-,-,-,-,-,-,-,-
Cauca , Balboa,19075.0,Indeterminado,Menores de Edad (<18 años),-,-,-,-,-,-,-,-
Cauca , Balboa,19075.0,Indeterminado,Mayores de Edad (>18 años),-,-,-,-,-,-,-,-
Cauca , Balboa,19075.0,INDETERMINADO,TOTAL,-,-,-,-,-,-,-,-
Cauca , Balboa,19075.0,TOTAL,,-,-,-,9,-,-,-,9
Cauca , Bolívar,19100.0,Hombre,Menores de Edad (<18 años),-,-,-,2,-,-,-,2
Cauca , Bolívar,19100.0,Hombre,Mayores de Edad (>18 años),-,-,-,9,-,1,1,11
Cauca , Bolívar,19100.0,HOMBRE,TOTAL,-,-,-,11,-,1,1,13
Cauca , Bolívar,19100.0,Mujer,Menores de Edad (<18 años),-,-,-,-,-,-,-,-
Cauca , Bolívar,19100.0,Mujer,Mayores de Edad (>18 años),-,-,-,1,-,-,-,1
Cauca , Bolívar,19100.0,MUJER,TOTAL,-,-,-,1,-,-,-,1
Cauca , Bolívar,19100.0,Indeterminado,Menores de Edad (<18 años),-,-,-,-,-,-,-,-
Cauca , Bolívar,19100.0,Indeterminado,Mayores de Edad (>18 años),-,-,-,-,-,-,-,-
Cauca , Bolívar,19100.0,INDETERMINADO,TOTAL,-,-,-,-,-,-,-,-
Cauca , Bolívar,19100.0,TOTAL,,-,-,-,12,-,1,1,14
Cauca , Buenos Aires,19110.0,Hombre,Menores de Edad (<18 años),-,-,-,-,-,1,-,1
Cauca , Buenos Aires,19110.0,Hombre,Mayores de Edad (>18 años),-,1,4,15,-,11,1,32
Cauca , Buenos Aires,19110.0,HOMBRE,TOTAL,-,1,4,15,-,12,1,33
Cauca , Buenos Aires,19110.0,Mujer,Menores de Edad (<18 años),-,-,-,-,-,-,-,-
Cauca , Buenos Aires,19110.0,Mujer,Mayores de Edad (>18 años),-,-,1,2,-,-,-,3
Cauca , Buenos Aires,19110.0,MUJER,TOTAL,-,-,1,2,-,-,-,3
Cauca , Buenos Aires,19110.0,Indeterminado,Menores de Edad (<18 años),-,-,-,-,-,-,-,-
Cauca , Buenos Aires,19110.0,Indeterminado,Mayores de Edad (>18 años),-,-,-,-,-,-,-,-
Cauca , Buenos Aires,19110.0,INDETERMINADO,TOTAL,-,-,-,-,-,-,-,-
Cauca , Buenos Aires,19110.0,TOTAL,,-,1,5,17,-,12,1,36
Cauca , Cajibío,19130.0,Hombre,Menores de Edad (<18 años),-,-,-,-,-,-,-,-
Cauca , Cajibío,19130.0,Hombre,Mayores de Edad (>18 años),-,-,-,18,-,1,-,19
Cauca , Cajibío,19130.0,HOMBRE,TOTAL,-,-,-,18,-,1,-,19
Cauca , Cajibío,19130.0,Mujer,Menores de Edad (<18 años),-,-,-,1,-,-,-,1
Cauca , Cajibío,19130.0,Mujer,Mayores de Edad (>18 años),-,-,-,-,1,-,-,1
Cauca , Cajibío,19130.0,MUJER,TOTAL,-,-,-,1,1,-,-,2
Cauca , Cajibío,19130.0,Indeterminado,Menores de Edad (<18 años),-,-,-,-,-,-,-,-
Cauca , Cajibío,19130.0,Indeterminado,Mayores de Edad (>18 años),-,-,-,-,-,-,-,-
Cauca , Cajibío,19130.0,INDETERMINADO,TOTAL,-,-,-,-,-,-,-,-
Cauca , Cajibío,19130.0,TOTAL,,-,-,-,19,1,1,-,21
Cauca , Caldono,19137.0,Hombre,Menores de Edad (<18 años),-,-,-,-,-,-,-,-
Cauca , Caldono,19137.0,Hombre,Mayores de Edad (>18 años),-,-,4,3,-,-,-,7
Cauca , Caldono,19137.0,HOMBRE,TOTAL,-,-,4,3,-,-,-,7
Cauca , Caldono,19137.0,Mujer,Menores de Edad (<18 años),-,-,-,-,-,-,-,-
Cauca , Caldono,19137.0,Mujer,Mayores de Edad (>18 años),-,-,-,-,-,-,-,-
Cauca , Caldono,19137.0,MUJER,TOTAL,-,-,-,-,-,-,-,-
Cauca , Caldono,19137.0,Indeterminado,Menores de Edad (<18 años),-,-,-,-,-,-,-,-
Cauca , Caldono,19137.0,Indeterminado,Mayores de Edad (>18 años),-,-,-,-,-,-,-,-
Cauca , Caldono,19137.0,INDETERMINADO,TOTAL,-,-,-,-,-,-,-,-
Cauca , Caldono,19137.0,TOTAL,,-,-,4,3,-,-,-,7
Cauca , Caloto,19142.0,Hombre,Menores de Edad (<18 años),-,-,-,1,-,2,-,3
Cauca , Caloto,19142.0,Hombre,Mayores de Edad (>18 años),-,-,7,14,-,7,-,28
Cauca , Caloto,19142.0,HOMBRE,TOTAL,-,-,7,15,-,9,-,31
Cauca , Caloto,19142.0,Mujer,Menores de Edad (<18 años),-,-,-,1,-,-,-,1
Cauca , Caloto,19142.0,Mujer,Mayores de Edad (>18 años),-,-,-,-,-,1,-,1
Cauca , Caloto,19142.0,MUJER,TOTAL,-,-,-,1,-,1,-,2
Cauca , Caloto,19142.0,Indeterminado,Menores de Edad (<18 años),-,-,-,-,-,-,-,-
Cauca , Caloto,19142.0,Indeterminado,Mayores de Edad (>18 años),-,-,-,-,-,-,-,-
Cauca , Caloto,19142.0,INDETERMINADO,TOTAL,-,-,-,-,-,-,-,-
Cauca , Caloto,19142.0,TOTAL,,-,-,7,16,-,10,-,33
Cauca , Corinto,19212.0,Hombre,Menores de Edad (<18 años),-,-,1,3,-,1,-,5
Cauca , Corinto,19212.0,Hombre,Mayores de Edad (>18 años),-,2,7,28,-,3,-,40
Cauca , Corinto,19212.0,HOMBRE,TOTAL,-,2,8,31,-,4,-,45
Cauca , Corinto,19212.0,Mujer,Menores de Edad (<18 años),-,-,1,-,-,-,-,1
Cauca , Corinto,19212.0,Mujer,Mayores de Edad (>18 años),-,-,1,1,-,-,-,2
Cauca , Corinto,19212.0,MUJER,TOTAL,-,-,2,1,-,-,-,3
Cauca , Corinto,19212.0,Indeterminado,Menores de Edad (<18 años),-,-,-,-,-,-,-,-
Cauca , Corinto,19212.0,Indeterminado,Mayores de Edad (>18 años),-,-,-,-,-,-,-,-
Cauca , Corinto,19212.0,INDETERMINADO,TOTAL,-,-,-,-,-,-,-,-
Cauca , Corinto,19212.0,TOTAL,,-,2,10,32,-,4,-,48
Cauca , El Tambo,19256.0,Hombre,Menores de Edad (<18 años),-,-,-,1,-,-,-,1
Cauca , El Tambo,19256.0,Hombre,Mayores de Edad (>18 años),-,2,1,59,-,3,-,65
Cauca , El Tambo,19256.0,HOMBRE,TOTAL,-,2,1,60,-,3,-,66
Cauca , El Tambo,19256.0,Mujer,Menores de Edad (<18 años),-,-,-,1,-,-,-,1
Cauca , El Tambo,19256.0,Mujer,Mayores de Edad (>18 años),-,-,-,4,-,-,-,4
Cauca , El Tambo,19256.0,MUJER,TOTAL,-,-,-,5,-,-,-,5
Cauca , El Tambo,19256.0,Indeterminado,Menores de Edad (<18 años),-,-,-,-,-,-,-,-
Cauca , El Tambo,19256.0,Indeterminado,Mayores de Edad (>18 años),-,-,-,-,-,-,-,-
Cauca , El Tambo,19256.0,INDETERMINADO,TOTAL,-,-,-,-,-,-,-,-
Cauca , El Tambo,19256.0,TOTAL,,-,2,1,65,-,3,-,71
Cauca , Guachené,19300.0,Hombre,Menores de Edad (<18 años),-,-,-,-,-,-,-,-
Cauca , Guachené,19300.0,Hombre,Mayores de Edad (>18 años),-,-,-,3,-,8,-,11
Cauca , Guachené,19300.0,HOMBRE,TOTAL,-,-,-,3,-,8,-,11
Cauca , Guachené,19300.0,Mujer,Menores de Edad (<18 años),-,-,-,-,-,-,-,-
Cauca , Guachené,19300.0,Mujer,Mayores de Edad (>18 años),-,-,-,-,-,-,-,-
Cauca , Guachené,19300.0,MUJER,TOTAL,-,-,-,-,-,-,-,-
Cauca , Guachené,19300.0,Indeterminado,Menores de Edad (<18 años),-,-,-,-,-,-,-,-
Cauca , Guachené,19300.0,Indeterminado,Mayores de Edad (>18 años),-,-,-,-,-,-,-,-
Cauca , Guachené,19300.0,INDETERMINADO,TOTAL,-,-,-,-,-,-,-,-
Cauca , Guachené,19300.0,TOTAL,,-,-,-,3,-,8,-,11
Cauca , Guapí,19318.0,Hombre,Menores de Edad (<18 años),-,-,-,-,-,-,-,-
Cauca , Guapí,19318.0,Hombre,Mayores de Edad (>18 años),-,-,-,-,-,1,-,1
Cauca , Guapí,19318.0,HOMBRE,TOTAL,-,-,-,-,-,1,-,1
Cauca , Guapí,19318.0,Mujer,Menores de Edad (<18 años),-,-,-,-,-,-,-,-
Cauca , Guapí,19318.0,Mujer,Mayores de Edad (>18 años),-,-,-,-,-,-,-,-
Cauca , Guapí,19318.0,MUJER,TOTAL,-,-,-,-,-,-,-,-
Cauca , Guapí,19318.0,Indeterminado,Menores de Edad (<18 años),-,-,-,-,-,-,-,-
Cauca , Guapí,19318.0,Indeterminado,Mayores de Edad (>18 años),-,-,-,-,-,-,-,-
Cauca , Guapí,19318.0,INDETERMINADO,TOTAL,-,-,-,-,-,-,-,-
Cauca , Guapí,19318.0,TOTAL,,-,-,-,-,-,1,-,1
Cauca , Inzá,19355.0,Hombre,Menores de Edad (<18 años),-,-,-,-,-,-,-,-
Cauca , Inzá,19355.0,Hombre,Mayores de Edad (>18 años),-,-,-,1,-,-,-,1
Cauca , Inzá,19355.0,HOMBRE,TOTAL,-,-,-,1,-,-,-,1
Cauca , Inzá,19355.0,Mujer,Menores de Edad (<18 años),-,-,-,-,-,-,-,-
Cauca , Inzá,19355.0,Mujer,Mayores de Edad (>18 años),-,-,-,-,-,-,-,-
Cauca , Inzá,19355.0,MUJER,TOTAL,-,-,-,-,-,-,-,-
Cauca , Inzá,19355.0,Indeterminado,Menores de Edad (<18 años),-,-,-,-,-,-,-,-
Cauca , Inzá,19355.0,Indeterminado,Mayores de Edad (>18 años),-,-,-,-,-,-,-,-
Cauca , Inzá,19355.0,INDETERMINADO,TOTAL,-,-,-,-,-,-,-,-
Cauca , Inzá,19355.0,TOTAL,,-,-,-,1,-,-,-,1
Cauca , Jambaló,19364.0,Hombre,Menores de Edad (<18 años),-,-,-,-,-,-,-,-
Cauca , Jambaló,19364.0,Hombre,Mayores de Edad (>18 años),-,-,-,1,-,-,-,1
Cauca , Jambaló,19364.0,HOMBRE,TOTAL,-,-,-,1,-,-,-,1
Cauca , Jambaló,19364.0,Mujer,Menores de Edad (<18 años),-,-,-,-,-,-,-,-
Cauca , Jambaló,19364.0,Mujer,Mayores de Edad (>18 años),-,-,-,-,-,-,-,-
Cauca , Jambaló,19364.0,MUJER,TOTAL,-,-,-,-,-,-,-,-
Cauca , Jambaló,19364.0,Indeterminado,Menores de Edad (<18 años),-,-,-,-,-,-,-,-
Cauca , Jambaló,19364.0,Indeterminado,Mayores de Edad (>18 años),-,-,-,-,-,-,-,-
Cauca , Jambaló,19364.0,INDETERMINADO,TOTAL,-,-,-,-,-,-,-,-
Cauca , Jambaló,19364.0,TOTAL,,-,-,-,1,-,-,-,1
Cauca , La Sierra,19392.0,Hombre,Menores de Edad (<18 años),-,-,-,-,-,-,-,-
Cauca , La Sierra,19392.0,Hombre,Mayores de Edad (>18 años),-,-,-,1,-,-,-,1
Cauca , La Sierra,19392.0,HOMBRE,TOTAL,-,-,-,1,-,-,-,1
Cauca , La Sierra,19392.0,Mujer,Menores de Edad (<18 años),-,-,-,-,-,-,-,-
Cauca , La Sierra,19392.0,Mujer,Mayores de Edad (>18 años),-,-,-,-,-,-,-,-
Cauca , La Sierra,19392.0,MUJER,TOTAL,-,-,-,-,-,-,-,-
Cauca , La Sierra,19392.0,Indeterminado,Menores de Edad (<18 años),-,-,-,-,-,-,-,-
Cauca , La Sierra,19392.0,Indeterminado,Mayores de Edad (>18 años),-,-,-,-,-,-,-,-
Cauca , La Sierra,19392.0,INDETERMINADO,TOTAL,-,-,-,-,-,-,-,-
Cauca , La Sierra,19392.0,TOTAL,,-,-,-,1,-,-,-,1
Cauca , La Vega,19397.0,Hombre,Menores de Edad (<18 años),-,-,1,-,-,-,-,1
Cauca , La Vega,19397.0,Hombre,Mayores de Edad (>18 años),-,-,-,1,-,-,-,1
Cauca , La Vega,19397.0,HOMBRE,TOTAL,-,-,1,1,-,-,-,2
Cauca , La Vega,19397.0,Mujer,Menores de Edad (<18 años),-,-,-,-,-,-,-,-
Cauca , La Vega,19397.0,Mujer,Mayores de Edad (>18 años),-,-,-,-,-,-,-,-
Cauca , La Vega,19397.0,MUJER,TOTAL,-,-,-,-,-,-,-,-
Cauca , La Vega,19397.0,Indeterminado,Menores de Edad (<18 años),-,-,-,-,-,-,-,-
Cauca , La Vega,19397.0,Indeterminado,Mayores de Edad (>18 años),-,-,-,-,-,-,-,-
Cauca , La Vega,19397.0,INDETERMINADO,TOTAL,-,-,-,-,-,-,-,-
Cauca , La Vega,19397.0,TOTAL,,-,-,1,1,-,-,-,2
Cauca , López de Micay,19418.0,Hombre,Menores de Edad (<18 años),-,-,-,-,-,-,-,-
Cauca , López de Micay,19418.0,Hombre,Mayores de Edad (>18 años),-,-,-,1,-,3,-,4
Cauca , López de Micay,19418.0,HOMBRE,TOTAL,-,-,-,1,-,3,-,4
Cauca , López de Micay,19418.0,Mujer,Menores de Edad (<18 años),-,-,-,-,-,-,-,-
Cauca , López de Micay,19418.0,Mujer,Mayores de Edad (>18 años),-,-,-,-,-,1,-,1
Cauca , López de Micay,19418.0,MUJER,TOTAL,-,-,-,-,-,1,-,1
Cauca , López de Micay,19418.0,Indeterminado,Menores de Edad (<18 años),-,-,-,-,-,-,-,-
Cauca , López de Micay,19418.0,Indeterminado,Mayores de Edad (>18 años),-,-,-,-,-,-,-,-
Cauca , López de Micay,19418.0,INDETERMINADO,TOTAL,-,-,-,-,-,-,-,-
Cauca , López de Micay,19418.0,TOTAL,,-,-,-,1,-,4,-,5
Cauca , Mercaderes,19450.0,Hombre,Menores de Edad (<18 años),-,-,-,-,-,-,-,-
Cauca , Mercaderes,19450.0,Hombre,Mayores de Edad (>18 años),-,-,-,10,2,-,-,12
Cauca , Mercaderes,19450.0,HOMBRE,TOTAL,-,-,-,10,2,-,-,12
Cauca , Mercaderes,19450.0,Mujer,Menores de Edad (<18 años),-,-,-,-,1,-,-,1
Cauca , Mercaderes,19450.0,Mujer,Mayores de Edad (>18 años),-,-,-,3,1,-,-,4
Cauca , Mercaderes,19450.0,MUJER,TOTAL,-,-,-,3,2,-,-,5
Cauca , Mercaderes,19450.0,Indeterminado,Menores de Edad (<18 años),-,-,-,-,-,-,-,-
Cauca , Mercaderes,19450.0,Indeterminado,Mayores de Edad (>18 años),-,-,-,-,-,-,-,-
Cauca , Mercaderes,19450.0,INDETERMINADO,TOTAL,-,-,-,-,-,-,-,-
Cauca , Mercaderes,19450.0,TOTAL,,-,-,-,13,4,-,-,17
Cauca , Miranda,19455.0,Hombre,Menores de Edad (<18 años),-,-,-,1,-,-,-,1
Cauca , Miranda,19455.0,Hombre,Mayores de Edad (>18 años),-,-,5,12,-,4,-,21
Cauca , Miranda,19455.0,HOMBRE,TOTAL,-,-,5,13,-,4,-,22
Cauca , Miranda,19455.0,Mujer,Menores de Edad (<18 años),-,-,-,-,-,-,-,-
Cauca , Miranda,19455.0,Mujer,Mayores de Edad (>18 años),-,-,-,1,-,-,-,1
Cauca , Miranda,19455.0,MUJER,TOTAL,-,-,-,1,-,-,-,1
Cauca , Miranda,19455.0,Indeterminado,Menores de Edad (<18 años),-,-,-,-,-,-,-,-
Cauca , Miranda,19455.0,Indeterminado,Mayores de Edad (>18 años),-,-,-,-,-,-,-,-
Cauca , Miranda,19455.0,INDETERMINADO,TOTAL,-,-,-,-,-,-,-,-
Cauca , Miranda,19455.0,TOTAL,,-,-,5,14,-,4,-,23
Cauca , Morales,19473.0,Hombre,Menores de Edad (<18 años),-,-,-,1,-,-,-,1
Cauca , Morales,19473.0,Hombre,Mayores de Edad (>18 años),-,-,-,9,-,2,1,12
Cauca , Morales,19473.0,HOMBRE,TOTAL,-,-,-,10,-,2,1,13
Cauca , Morales,19473.0,Mujer,Menores de Edad (<18 años),-,-,-,-,-,-,1,1
Cauca , Morales,19473.0,Mujer,Mayores de Edad (>18 años),-,-,-,-,-,-,-,-
Cauca , Morales,19473.0,MUJER,TOTAL,-,-,-,-,-,-,1,1
Cauca , Morales,19473.0,Indeterminado,Menores de Edad (<18 años),-,-,-,-,-,-,-,-
Cauca , Morales,19473.0,Indeterminado,Mayores de Edad (>18 años),-,-,-,-,-,-,-,-
Cauca , Morales,19473.0,INDETERMINADO,TOTAL,-,-,-,-,-,-,-,-
Cauca , Morales,19473.0,TOTAL,,-,-,-,10,-,2,2,14
Cauca , Padilla,19513.0,Hombre,Menores de Edad (<18 años),-,-,-,-,-,-,-,-
Cauca , Padilla,19513.0,Hombre,Mayores de Edad (>18 años),-,-,-,1,1,3,-,5
Cauca , Padilla,19513.0,HOMBRE,TOTAL,-,-,-,1,1,3,-,5
Cauca , Padilla,19513.0,Mujer,Menores de Edad (<18 años),-,-,-,-,-,-,-,-
Cauca , Padilla,19513.0,Mujer,Mayores de Edad (>18 años),-,-,-,-,-,-,-,-
Cauca , Padilla,19513.0,MUJER,TOTAL,-,-,-,-,-,-,-,-
Cauca , Padilla,19513.0,Indeterminado,Menores de Edad (<18 años),-,-,-,-,-,-,-,-
Cauca , Padilla,19513.0,Indeterminado,Mayores de Edad (>18 años),-,-,-,-,-,-,-,-
Cauca , Padilla,19513.0,INDETERMINADO,TOTAL,-,-,-,-,-,-,-,-
Cauca , Padilla,19513.0,TOTAL,,-,-,-,1,1,3,-,5
Cauca , Páez,19517.0,Hombre,Menores de Edad (<18 años),-,-,1,-,-,-,-,1
Cauca , Páez,19517.0,Hombre,Mayores de Edad (>18 años),-,-,2,2,-,-,-,4
Cauca , Páez,19517.0,HOMBRE,TOTAL,-,-,3,2,-,-,-,5
Cauca , Páez,19517.0,Mujer,Menores de Edad (<18 años),-,-,-,1,-,-,-,1
Cauca , Páez,19517.0,Mujer,Mayores de Edad (>18 años),-,-,1,2,-,-,-,3
Cauca , Páez,19517.0,MUJER,TOTAL,-,-,1,3,-,-,-,4
Cauca , Páez,19517.0,Indeterminado,Menores de Edad (<18 años),-,-,-,-,-,-,-,-
Cauca , Páez,19517.0,Indeterminado,Mayores de Edad (>18 años),-,-,-,-,-,-,-,-
Cauca , Páez,19517.0,INDETERMINADO,TOTAL,-,-,-,-,-,-,-,-
Cauca , Páez,19517.0,TOTAL,,-,-,4,5,-,-,-,9
Cauca , Patía,19532.0,Hombre,Menores de Edad (<18 años),-,-,-,-,-,-,-,-
Cauca , Patía,19532.0,Hombre,Mayores de Edad (>18 años),-,-,-,14,3,3,2,22
Cauca , Patía,19532.0,HOMBRE,TOTAL,-,-,-,14,3,3,2,22
Cauca , Patía,19532.0,Mujer,Menores de Edad (<18 años),-,-,-,-,-,-,-,-
Cauca , Patía,19532.0,Mujer,Mayores de Edad (>18 años),-,-,-,1,-,1,-,2
Cauca , Patía,19532.0,MUJER,TOTAL,-,-,-,1,-,1,-,2
Cauca , Patía,19532.0,Indeterminado,Menores de Edad (<18 años),-,-,-,-,-,-,-,-
Cauca , Patía,19532.0,Indeterminado,Mayores de Edad (>18 años),-,-,-,-,-,-,-,-
Cauca , Patía,19532.0,INDETERMINADO,TOTAL,-,-,-,-,-,-,-,-
Cauca , Patía,19532.0,TOTAL,,-,-,-,15,3,4,2,24
Cauca , Piamonte,19533.0,Hombre,Menores de Edad (<18 años),-,-,-,-,-,-,-,-
Cauca , Piamonte,19533.0,Hombre,Mayores de Edad (>18 años),-,-,-,2,-,-,-,2
Cauca , Piamonte,19533.0,HOMBRE,TOTAL,-,-,-,2,-,-,-,2
Cauca , Piamonte,19533.0,Mujer,Menores de Edad (<18 años),-,-,-,-,-,-,-,-
Cauca , Piamonte,19533.0,Mujer,Mayores de Edad (>18 años),-,-,-,-,-,-,-,-
Cauca , Piamonte,19533.0,MUJER,TOTAL,-,-,-,-,-,-,-,-
Cauca , Piamonte,19533.0,Indeterminado,Menores de Edad (<18 años),-,-,-,-,-,-,-,-
Cauca , Piamonte,19533.0,Indeterminado,Mayores de Edad (>18 años),-,-,-,-,-,-,-,-
Cauca , Piamonte,19533.0,INDETERMINADO,TOTAL,-,-,-,-,-,-,-,-
Cauca , Piamonte,19533.0,TOTAL,,-,-,-,2,-,-,-,2
Cauca , Piendamó,19548.0,Hombre,Menores de Edad (<18 años),-,-,-,-,-,-,-,-
Cauca , Piendamó,19548.0,Hombre,Mayores de Edad (>18 años),-,-,2,9,-,1,1,13
Cauca , Piendamó,19548.0,HOMBRE,TOTAL,-,-,2,9,-,1,1,13
Cauca , Piendamó,19548.0,Mujer,Menores de Edad (<18 años),-,-,-,-,-,-,-,-
Cauca , Piendamó,19548.0,Mujer,Mayores de Edad (>18 años),-,-,-,1,-,-,-,1
Cauca , Piendamó,19548.0,MUJER,TOTAL,-,-,-,1,-,-,-,1
Cauca , Piendamó,19548.0,Indeterminado,Menores de Edad (<18 años),-,-,-,-,-,-,-,-
Cauca , Piendamó,19548.0,Indeterminado,Mayores de Edad (>18 años),-,-,-,-,-,-,-,-
Cauca , Piendamó,19548.0,INDETERMINADO,TOTAL,-,-,-,-,-,-,-,-
Cauca , Piendamó,19548.0,TOTAL,,-,-,2,10,-,1,1,14
Cauca , Popayán,19001.0,Hombre,Menores de Edad (<18 años),-,-,-,1,-,-,1,2
Cauca , Popayán,19001.0,Hombre,Mayores de Edad (>18 años),-,-,-,62,2,2,2,68
Cauca , Popayán,19001.0,HOMBRE,TOTAL,-,-,-,63,2,2,3,70
Cauca , Popayán,19001.0,Mujer,Menores de Edad (<18 años),-,-,-,-,-,-,-,-
Cauca , Popayán,19001.0,Mujer,Mayores de Edad (>18 años),-,-,1,4,-,-,-,5
Cauca , Popayán,19001.0,MUJER,TOTAL,-,-,1,4,-,-,-,5
Cauca , Popayán,19001.0,Indeterminado,Menores de Edad (<18 años),-,-,-,-,-,-,-,-
Cauca , Popayán,19001.0,Indeterminado,Mayores de Edad (>18 años),-,-,-,-,-,-,-,-
Cauca , Popayán,19001.0,INDETERMINADO,TOTAL,-,-,-,-,-,-,-,-
Cauca , Popayán,19001.0,TOTAL,,-,-,1,67,2,2,3,75
Cauca , Puerto Tejada,19573.0,Hombre,Menores de Edad (<18 años),-,-,-,-,-,3,-,3
Cauca , Puerto Tejada,19573.0,Hombre,Mayores de Edad (>18 años),-,1,-,9,1,22,-,33
Cauca , Puerto Tejada,19573.0,HOMBRE,TOTAL,-,1,-,9,1,25,-,36
Cauca , Puerto Tejada,19573.0,Mujer,Menores de Edad (<18 años),-,-,-,-,-,-,-,-
Cauca , Puerto Tejada,19573.0,Mujer,Mayores de Edad (>18 años),-,-,-,1,-,2,-,3
Cauca , Puerto Tejada,19573.0,MUJER,TOTAL,-,-,-,1,-,2,-,3
Cauca , Puerto Tejada,19573.0,Indeterminado,Menores de Edad (<18 años),-,-,-,-,-,-,-,-
Cauca , Puerto Tejada,19573.0,Indeterminado,Mayores de Edad (>18 años),-,-,-,-,-,-,-,-
Cauca , Puerto Tejada,19573.0,INDETERMINADO,TOTAL,-,-,-,-,-,-,-,-
Cauca , Puerto Tejada,19573.0,TOTAL,,-,1,-,10,1,27,-,39
Cauca , Puracé,19585.0,Hombre,Menores de Edad (<18 años),-,-,-,-,-,-,-,-
Cauca , Puracé,19585.0,Hombre,Mayores de Edad (>18 años),-,-,-,1,-,-,-,1
Cauca , Puracé,19585.0,HOMBRE,TOTAL,-,-,-,1,-,-,-,1
Cauca , Puracé,19585.0,Mujer,Menores de Edad (<18 años),-,-,-,-,-,-,-,-
Cauca , Puracé,19585.0,Mujer,Mayores de Edad (>18 años),-,-,-,-,-,-,-,-
Cauca , Puracé,19585.0,MUJER,TOTAL,-,-,-,-,-,-,-,-
Cauca , Puracé,19585.0,Indeterminado,Menores de Edad (<18 años),-,-,-,-,-,-,-,-
Cauca , Puracé,19585.0,Indeterminado,Mayores de Edad (>18 años),-,-,-,-,-,-,-,-
Cauca , Puracé,19585.0,INDETERMINADO,TOTAL,-,-,-,-,-,-,-,-
Cauca , Puracé,19585.0,TOTAL,,-,-,-,1,-,-,-,1
Cauca , Rosas,19622.0,Hombre,Menores de Edad (<18 años),-,-,-,-,-,-,-,-
Cauca , Rosas,19622.0,Hombre,Mayores de Edad (>18 años),-,-,-,5,-,-,-,5
Cauca , Rosas,19622.0,HOMBRE,TOTAL,-,-,-,5,-,-,-,5
Cauca , Rosas,19622.0,Mujer,Menores de Edad (<18 años),-,-,-,-,-,-,-,-
Cauca , Rosas,19622.0,Mujer,Mayores de Edad (>18 años),-,-,-,1,-,-,-,1
Cauca , Rosas,19622.0,MUJER,TOTAL,-,-,-,1,-,-,-,1
Cauca , Rosas,19622.0,Indeterminado,Menores de Edad (<18 años),-,-,-,-,-,-,-,-
Cauca , Rosas,19622.0,Indeterminado,Mayores de Edad (>18 años),-,-,-,-,-,-,-,-
Cauca , Rosas,19622.0,INDETERMINADO,TOTAL,-,-,-,-,-,-,-,-
Cauca , Rosas,19622.0,TOTAL,,-,-,-,6,-,-,-,6
Cauca , Santa Rosa,19701.0,Hombre,Menores de Edad (<18 años),-,-,-,-,-,-,-,-
Cauca , Santa Rosa,19701.0,Hombre,Mayores de Edad (>18 años),-,-,-,1,-,-,-,1
Cauca , Santa Rosa,19701.0,HOMBRE,TOTAL,-,-,-,1,-,-,-,1
Cauca , Santa Rosa,19701.0,Mujer,Menores de Edad (<18 años),-,-,-,-,-,-,-,-
Cauca , Santa Rosa,19701.0,Mujer,Mayores de Edad (>18 años),-,-,-,-,-,-,-,-
Cauca , Santa Rosa,19701.0,MUJER,TOTAL,-,-,-,-,-,-,-,-
Cauca , Santa Rosa,19701.0,Indeterminado,Menores de Edad (<18 años),-,-,-,-,-,-,-,-
Cauca , Santa Rosa,19701.0,Indeterminado,Mayores de Edad (>18 años),-,-,-,-,-,-,-,-
Cauca , Santa Rosa,19701.0,INDETERMINADO,TOTAL,-,-,-,-,-,-,-,-
Cauca , Santa Rosa,19701.0,TOTAL,,-,-,-,1,-,-,-,1
Cauca , Santander de Quilichao,19698.0,Hombre,Menores de Edad (<18 años),-,1,1,3,-,1,1,7
Cauca , Santander de Quilichao,19698.0,Hombre,Mayores de Edad (>18 años),-,1,10,44,2,12,1,70
Cauca , Santander de Quilichao,19698.0,HOMBRE,TOTAL,-,2,11,47,2,13,2,77
Cauca , Santander de Quilichao,19698.0,Mujer,Menores de Edad (<18 años),-,-,-,-,-,-,-,-
Cauca , Santander de Quilichao,19698.0,Mujer,Mayores de Edad (>18 años),-,-,-,7,-,2,-,9
Cauca , Santander de Quilichao,19698.0,MUJER,TOTAL,-,-,-,7,-,2,-,9
Cauca , Santander de Quilichao,19698.0,Indeterminado,Menores de Edad (<18 años),-,-,-,-,-,-,-,-
Cauca , Santander de Quilichao,19698.0,Indeterminado,Mayores de Edad (>18 años),-,-,-,-,-,-,-,-
Cauca , Santander de Quilichao,19698.0,INDETERMINADO,TOTAL,-,-,-,-,-,-,-,-
Cauca , Santander de Quilichao,19698.0,TOTAL,,-,2,11,54,2,15,2,86
Cauca , Suárez,19780.0,Hombre,Menores de Edad (<18 años),-,-,-,-,-,-,-,-
Cauca , Suárez,19780.0,Hombre,Mayores de Edad (>18 años),-,2,3,17,-,5,-,27
Cauca , Suárez,19780.0,HOMBRE,TOTAL,-,2,3,17,-,5,-,27
Cauca , Suárez,19780.0,Mujer,Menores de Edad (<18 años),-,-,1,1,-,-,-,2
Cauca , Suárez,19780.0,Mujer,Mayores de Edad (>18 años),-,-,1,3,-,-,-,4
Cauca , Suárez,19780.0,MUJER,TOTAL,-,-,2,4,-,-,-,6
Cauca , Suárez,19780.0,Indeterminado,Menores de Edad (<18 años),-,-,-,-,-,-,-,-
Cauca , Suárez,19780.0,Indeterminado,Mayores de Edad (>18 años),-,-,-,-,-,-,-,-
Cauca , Suárez,19780.0,INDETERMINADO,TOTAL,-,-,-,-,-,-,-,-
Cauca , Suárez,19780.0,TOTAL,,-,2,5,21,-,5,-,33
Cauca , Timbío,19807.0,Hombre,Menores de Edad (<18 años),-,-,-,-,-,-,-,-
Cauca , Timbío,19807.0,Hombre,Mayores de Edad (>18 años),-,1,-,7,-,1,-,9
Cauca , Timbío,19807.0,HOMBRE,TOTAL,-,1,-,7,-,1,-,9
Cauca , Timbío,19807.0,Mujer,Menores de Edad (<18 años),-,-,-,-,-,-,-,-
Cauca , Timbío,19807.0,Mujer,Mayores de Edad (>18 años),-,-,-,1,-,-,-,1
Cauca , Timbío,19807.0,MUJER,TOTAL,-,-,-,1,-,-,-,1
Cauca , Timbío,19807.0,Indeterminado,Menores de Edad (<18 años),-,-,-,-,-,-,-,-
Cauca , Timbío,19807.0,Indeterminado,Mayores de Edad (>18 años),-,-,-,-,-,-,-,-
Cauca , Timbío,19807.0,INDETERMINADO,TOTAL,-,-,-,-,-,-,-,-
Cauca , Timbío,19807.0,TOTAL,,-,1,-,8,-,1,-,10
Cauca , Timbiquí,19809.0,Hombre,Menores de Edad (<18 años),-,-,-,-,-,-,-,-
Cauca , Timbiquí,19809.0,Hombre,Mayores de Edad (>18 años),-,-,-,2,-,3,-,5
Cauca , Timbiquí,19809.0,HOMBRE,TOTAL,-,-,-,2,-,3,-,5
Cauca , Timbiquí,19809.0,Mujer,Menores de Edad (<18 años),-,-,-,-,-,-,-,-
Cauca , Timbiquí,19809.0,Mujer,Mayores de Edad (>18 años),-,-,-,-,-,-,-,-
Cauca , Timbiquí,19809.0,MUJER,TOTAL,-,-,-,-,-,-,-,-
Cauca , Timbiquí,19809.0,Indeterminado,Menores de Edad (<18 años),-,-,-,-,-,-,-,-
Cauca , Timbiquí,19809.0,Indeterminado,Mayores de Edad (>18 años),-,-,-,-,-,-,-,-
Cauca , Timbiquí,19809.0,INDETERMINADO,TOTAL,-,-,-,-,-,-,-,-
Cauca , Timbiquí,19809.0,TOTAL,,-,-,-,2,-,3,-,5
Cauca , Toribío,19821.0,Hombre,Menores de Edad (<18 años),-,-,1,-,-,-,-,1
Cauca , Toribío,19821.0,Hombre,Mayores de Edad (>18 años),-,-,9,4,-,-,-,13
Cauca , Toribío,19821.0,HOMBRE,TOTAL,-,-,10,4,-,-,-,14
Cauca , Toribío,19821.0,Mujer,Menores de Edad (<18 años),-,-,-,-,-,-,-,-
Cauca , Toribío,19821.0,Mujer,Mayores de Edad (>18 años),-,-,1,-,-,-,-,1
Cauca , Toribío,19821.0,MUJER,TOTAL,-,-,1,-,-,-,-,1
Cauca , Toribío,19821.0,Indeterminado,Menores de Edad (<18 años),-,-,-,-,-,-,-,-
Cauca , Toribío,19821.0,Indeterminado,Mayores de Edad (>18 años),-,-,-,-,-,-,-,-
Cauca , Toribío,19821.0,INDETERMINADO,TOTAL,-,-,-,-,-,-,-,-
Cauca , Toribío,19821.0,TOTAL,,-,-,11,4,-,-,-,15
Cauca , Totoró,19824.0,Hombre,Menores de Edad (<18 años),-,-,-,-,-,-,-,-
Cauca , Totoró,19824.0,Hombre,Mayores de Edad (>18 años),-,-,-,3,-,-,-,3
Cauca , Totoró,19824.0,HOMBRE,TOTAL,-,-,-,3,-,-,-,3
Cauca , Totoró,19824.0,Mujer,Menores de Edad (<18 años),-,-,-,-,-,-,-,-
Cauca , Totoró,19824.0,Mujer,Mayores de Edad (>18 años),-,-,1,-,-,-,1,2
Cauca , Totoró,19824.0,MUJER,TOTAL,-,-,1,-,-,-,1,2
Cauca , Totoró,19824.0,Indeterminado,Menores de Edad (<18 años),-,-,-,-,-,-,-,-
Cauca , Totoró,19824.0,Indeterminado,Mayores de Edad (>18 años),-,-,-,-,-,-,-,-
Cauca , Totoró,19824.0,INDETERMINADO,TOTAL,-,-,-,-,-,-,-,-
Cauca , Totoró,19824.0,TOTAL,,-,-,1,3,-,-,1,5
Cauca , Villa Rica,19845.0,Hombre,Menores de Edad (<18 años),-,-,-,-,-,1,-,1
Cauca , Villa Rica,19845.0,Hombre,Mayores de Edad (>18 años),-,1,-,2,-,7,-,10
Cauca , Villa Rica,19845.0,HOMBRE,TOTAL,-,1,-,2,-,8,-,11
Cauca , Villa Rica,19845.0,Mujer,Menores de Edad (<18 años),-,-,-,-,-,-,-,-
Cauca , Villa Rica,19845.0,Mujer,Mayores de Edad (>18 años),-,-,-,1,-,-,-,1
Cauca , Villa Rica,19845.0,MUJER,TOTAL,-,-,-,1,-,-,-,1
Cauca , Villa Rica,19845.0,Indeterminado,Menores de Edad (<18 años),-,-,-,-,-,-,-,-
Cauca , Villa Rica,19845.0,Indeterminado,Mayores de Edad (>18 años),-,-,-,-,-,-,-,-
Cauca , Villa Rica,19845.0,INDETERMINADO,TOTAL,-,-,-,-,-,-,-,-
Cauca , Villa Rica,19845.0,TOTAL,,-,1,-,3,-,8,-,12
Cesar , Aguachica,20011.0,Hombre,Menores de Edad (<18 años),-,-,-,2,-,-,-,2
Cesar , Aguachica,20011.0,Hombre,Mayores de Edad (>18 años),-,1,-,15,-,-,-,16
Cesar , Aguachica,20011.0,HOMBRE,TOTAL,-,1,-,17,-,-,-,18
Cesar , Aguachica,20011.0,Mujer,Menores de Edad (<18 años),-,-,-,-,-,-,-,-
Cesar , Aguachica,20011.0,Mujer,Mayores de Edad (>18 años),-,-,-,2,-,-,-,2
Cesar , Aguachica,20011.0,MUJER,TOTAL,-,-,-,2,-,-,-,2
Cesar , Aguachica,20011.0,Indeterminado,Menores de Edad (<18 años),-,-,-,-,-,-,-,-
Cesar , Aguachica,20011.0,Indeterminado,Mayores de Edad (>18 años),-,-,-,-,-,-,-,-
Cesar , Aguachica,20011.0,INDETERMINADO,TOTAL,-,-,-,-,-,-,-,-
Cesar , Aguachica,20011.0,TOTAL,,-,1,-,19,-,-,-,20
Cesar , Agustín Codazzi,20013.0,Hombre,Menores de Edad (<18 años),-,-,-,1,-,-,-,1
Cesar , Agustín Codazzi,20013.0,Hombre,Mayores de Edad (>18 años),-,-,-,12,-,-,1,13
Cesar , Agustín Codazzi,20013.0,HOMBRE,TOTAL,-,-,-,13,-,-,1,14
Cesar , Agustín Codazzi,20013.0,Mujer,Menores de Edad (<18 años),-,-,1,-,-,-,-,1
Cesar , Agustín Codazzi,20013.0,Mujer,Mayores de Edad (>18 años),-,-,-,1,-,-,-,1
Cesar , Agustín Codazzi,20013.0,MUJER,TOTAL,-,-,1,1,-,-,-,2
Cesar , Agustín Codazzi,20013.0,Indeterminado,Menores de Edad (<18 años),-,-,-,-,-,-,-,-
Cesar , Agustín Codazzi,20013.0,Indeterminado,Mayores de Edad (>18 años),-,-,-,-,-,-,-,-
Cesar , Agustín Codazzi,20013.0,INDETERMINADO,TOTAL,-,-,-,-,-,-,-,-
Cesar , Agustín Codazzi,20013.0,TOTAL,,-,-,1,14,-,-,1,16
Cesar , Astrea,20032.0,Hombre,Menores de Edad (<18 años),-,-,-,-,-,-,-,-
Cesar , Astrea,20032.0,Hombre,Mayores de Edad (>18 años),-,-,-,5,-,-,-,5
Cesar , Astrea,20032.0,HOMBRE,TOTAL,-,-,-,5,-,-,-,5
Cesar , Astrea,20032.0,Mujer,Menores de Edad (<18 años),-,-,-,-,-,-,-,-
Cesar , Astrea,20032.0,Mujer,Mayores de Edad (>18 años),-,-,-,1,-,-,-,1
Cesar , Astrea,20032.0,MUJER,TOTAL,-,-,-,1,-,-,-,1
Cesar , Astrea,20032.0,Indeterminado,Menores de Edad (<18 años),-,-,-,-,-,-,-,-
Cesar , Astrea,20032.0,Indeterminado,Mayores de Edad (>18 años),-,-,-,-,-,-,-,-
Cesar , Astrea,20032.0,INDETERMINADO,TOTAL,-,-,-,-,-,-,-,-
Cesar , Astrea,20032.0,TOTAL,,-,-,-,6,-,-,-,6
Cesar , Becerril,20045.0,Hombre,Menores de Edad (<18 años),-,-,-,-,-,-,-,-
Cesar , Becerril,20045.0,Hombre,Mayores de Edad (>18 años),-,-,-,3,-,-,-,3
Cesar , Becerril,20045.0,HOMBRE,TOTAL,-,-,-,3,-,-,-,3
Cesar , Becerril,20045.0,Mujer,Menores de Edad (<18 años),-,-,-,-,-,-,-,-
Cesar , Becerril,20045.0,Mujer,Mayores de Edad (>18 años),-,-,-,1,-,-,-,1
Cesar , Becerril,20045.0,MUJER,TOTAL,-,-,-,1,-,-,-,1
Cesar , Becerril,20045.0,Indeterminado,Menores de Edad (<18 años),-,-,-,-,-,-,-,-
Cesar , Becerril,20045.0,Indeterminado,Mayores de Edad (>18 años),-,-,-,-,-,-,-,-
Cesar , Becerril,20045.0,INDETERMINADO,TOTAL,-,-,-,-,-,-,-,-
Cesar , Becerril,20045.0,TOTAL,,-,-,-,4,-,-,-,4
Cesar , Bosconia,20060.0,Hombre,Menores de Edad (<18 años),-,-,-,-,-,-,-,-
Cesar , Bosconia,20060.0,Hombre,Mayores de Edad (>18 años),-,-,1,8,1,-,-,10
Cesar , Bosconia,20060.0,HOMBRE,TOTAL,-,-,1,8,1,-,-,10
Cesar , Bosconia,20060.0,Mujer,Menores de Edad (<18 años),-,-,-,-,-,-,-,-
Cesar , Bosconia,20060.0,Mujer,Mayores de Edad (>18 años),-,-,-,1,-,-,-,1
Cesar , Bosconia,20060.0,MUJER,TOTAL,-,-,-,1,-,-,-,1
Cesar , Bosconia,20060.0,Indeterminado,Menores de Edad (<18 años),-,-,-,-,-,-,-,-
Cesar , Bosconia,20060.0,Indeterminado,Mayores de Edad (>18 años),-,-,-,-,-,-,-,-
Cesar , Bosconia,20060.0,INDETERMINADO,TOTAL,-,-,-,-,-,-,-,-
Cesar , Bosconia,20060.0,TOTAL,,-,-,1,9,1,-,-,11
Cesar , Chimichagua,20175.0,Hombre,Menores de Edad (<18 años),-,-,-,1,-,-,-,1
Cesar , Chimichagua,20175.0,Hombre,Mayores de Edad (>18 años),-,1,-,5,-,1,-,7
Cesar , Chimichagua,20175.0,HOMBRE,TOTAL,-,1,-,6,-,1,-,8
Cesar , Chimichagua,20175.0,Mujer,Menores de Edad (<18 años),-,-,-,1,-,-,-,1
Cesar , Chimichagua,20175.0,Mujer,Mayores de Edad (>18 años),-,-,-,1,-,-,-,1
Cesar , Chimichagua,20175.0,MUJER,TOTAL,-,-,-,2,-,-,-,2
Cesar , Chimichagua,20175.0,Indeterminado,Menores de Edad (<18 años),-,-,-,-,-,-,-,-
Cesar , Chimichagua,20175.0,Indeterminado,Mayores de Edad (>18 años),-,-,-,-,-,-,-,-
Cesar , Chimichagua,20175.0,INDETERMINADO,TOTAL,-,-,-,-,-,-,-,-
Cesar , Chimichagua,20175.0,TOTAL,,-,1,-,8,-,1,-,10
Cesar , Chiriguaná,20178.0,Hombre,Menores de Edad (<18 años),-,-,-,-,-,-,-,-
Cesar , Chiriguaná,20178.0,Hombre,Mayores de Edad (>18 años),-,-,-,8,-,-,-,8
Cesar , Chiriguaná,20178.0,HOMBRE,TOTAL,-,-,-,8,-,-,-,8
Cesar , Chiriguaná,20178.0,Mujer,Menores de Edad (<18 años),-,-,-,1,-,-,-,1
Cesar , Chiriguaná,20178.0,Mujer,Mayores de Edad (>18 años),-,1,-,-,-,-,-,1
Cesar , Chiriguaná,20178.0,MUJER,TOTAL,-,1,-,1,-,-,-,2
Cesar , Chiriguaná,20178.0,Indeterminado,Menores de Edad (<18 años),-,-,-,-,-,-,-,-
Cesar , Chiriguaná,20178.0,Indeterminado,Mayores de Edad (>18 años),-,-,-,-,-,-,-,-
Cesar , Chiriguaná,20178.0,INDETERMINADO,TOTAL,-,-,-,-,-,-,-,-
Cesar , Chiriguaná,20178.0,TOTAL,,-,1,-,9,-,-,-,10
Cesar , Curumaní,20228.0,Hombre,Menores de Edad (<18 años),-,-,-,-,-,-,-,-
Cesar , Curumaní,20228.0,Hombre,Mayores de Edad (>18 años),-,-,-,7,-,1,-,8
Cesar , Curumaní,20228.0,HOMBRE,TOTAL,-,-,-,7,-,1,-,8
Cesar , Curumaní,20228.0,Mujer,Menores de Edad (<18 años),-,-,-,-,-,-,-,-
Cesar , Curumaní,20228.0,Mujer,Mayores de Edad (>18 años),-,-,-,-,-,-,-,-
Cesar , Curumaní,20228.0,MUJER,TOTAL,-,-,-,-,-,-,-,-
Cesar , Curumaní,20228.0,Indeterminado,Menores de Edad (<18 años),-,-,-,-,-,-,-,-
Cesar , Curumaní,20228.0,Indeterminado,Mayores de Edad (>18 años),-,-,-,-,-,-,-,-
Cesar , Curumaní,20228.0,INDETERMINADO,TOTAL,-,-,-,-,-,-,-,-
Cesar , Curumaní,20228.0,TOTAL,,-,-,-,7,-,1,-,8
Cesar , El Copey,20238.0,Hombre,Menores de Edad (<18 años),-,-,-,1,-,-,-,1
Cesar , El Copey,20238.0,Hombre,Mayores de Edad (>18 años),-,-,-,4,-,-,-,4
Cesar , El Copey,20238.0,HOMBRE,TOTAL,-,-,-,5,-,-,-,5
Cesar , El Copey,20238.0,Mujer,Menores de Edad (<18 años),-,-,-,-,-,-,-,-
Cesar , El Copey,20238.0,Mujer,Mayores de Edad (>18 años),-,-,-,-,-,-,-,-
Cesar , El Copey,20238.0,MUJER,TOTAL,-,-,-,-,-,-,-,-
Cesar , El Copey,20238.0,Indeterminado,Menores de Edad (<18 años),-,-,-,-,-,-,-,-
Cesar , El Copey,20238.0,Indeterminado,Mayores de Edad (>18 años),-,-,-,-,-,-,-,-
Cesar , El Copey,20238.0,INDETERMINADO,TOTAL,-,-,-,-,-,-,-,-
Cesar , El Copey,20238.0,TOTAL,,-,-,-,5,-,-,-,5
Cesar , El Paso,20250.0,Hombre,Menores de Edad (<18 años),-,-,-,-,-,-,-,-
Cesar , El Paso,20250.0,Hombre,Mayores de Edad (>18 años),-,-,-,10,-,-,-,10
Cesar , El Paso,20250.0,HOMBRE,TOTAL,-,-,-,10,-,-,-,10
Cesar , El Paso,20250.0,Mujer,Menores de Edad (<18 años),-,-,-,-,-,-,-,-
Cesar , El Paso,20250.0,Mujer,Mayores de Edad (>18 años),-,-,-,1,-,-,-,1
Cesar , El Paso,20250.0,MUJER,TOTAL,-,-,-,1,-,-,-,1
Cesar , El Paso,20250.0,Indeterminado,Menores de Edad (<18 años),-,-,-,-,-,-,-,-
Cesar , El Paso,20250.0,Indeterminado,Mayores de Edad (>18 años),-,-,-,-,-,-,-,-
Cesar , El Paso,20250.0,INDETERMINADO,TOTAL,-,-,-,-,-,-,-,-
Cesar , El Paso,20250.0,TOTAL,,-,-,-,11,-,-,-,11
Cesar , Gamarra,20295.0,Hombre,Menores de Edad (<18 años),-,-,-,-,-,-,-,-
Cesar , Gamarra,20295.0,Hombre,Mayores de Edad (>18 años),-,-,-,1,-,-,-,1
Cesar , Gamarra,20295.0,HOMBRE,TOTAL,-,-,-,1,-,-,-,1
Cesar , Gamarra,20295.0,Mujer,Menores de Edad (<18 años),-,-,-,-,-,-,-,-
Cesar , Gamarra,20295.0,Mujer,Mayores de Edad (>18 años),-,-,-,-,-,-,-,-
Cesar , Gamarra,20295.0,MUJER,TOTAL,-,-,-,-,-,-,-,-
Cesar , Gamarra,20295.0,Indeterminado,Menores de Edad (<18 años),-,-,-,-,-,-,-,-
Cesar , Gamarra,20295.0,Indeterminado,Mayores de Edad (>18 años),-,-,-,-,-,-,-,-
Cesar , Gamarra,20295.0,INDETERMINADO,TOTAL,-,-,-,-,-,-,-,-
Cesar , Gamarra,20295.0,TOTAL,,-,-,-,1,-,-,-,1
Cesar , González,20310.0,Hombre,Menores de Edad (<18 años),-,-,-,-,-,-,-,-
Cesar , González,20310.0,Hombre,Mayores de Edad (>18 años),-,-,-,1,-,-,-,1
Cesar , González,20310.0,HOMBRE,TOTAL,-,-,-,1,-,-,-,1
Cesar , González,20310.0,Mujer,Menores de Edad (<18 años),-,-,-,-,-,-,-,-
Cesar , González,20310.0,Mujer,Mayores de Edad (>18 años),-,-,-,-,-,-,-,-
Cesar , González,20310.0,MUJER,TOTAL,-,-,-,-,-,-,-,-
Cesar , González,20310.0,Indeterminado,Menores de Edad (<18 años),-,-,-,-,-,-,-,-
Cesar , González,20310.0,Indeterminado,Mayores de Edad (>18 años),-,-,-,-,-,-,-,-
Cesar , González,20310.0,INDETERMINADO,TOTAL,-,-,-,-,-,-,-,-
Cesar , González,20310.0,TOTAL,,-,-,-,1,-,-,-,1
Cesar , La Gloria,20383.0,Hombre,Menores de Edad (<18 años),-,-,-,1,-,-,-,1
Cesar , La Gloria,20383.0,Hombre,Mayores de Edad (>18 años),-,-,-,4,-,-,-,4
Cesar , La Gloria,20383.0,HOMBRE,TOTAL,-,-,-,5,-,-,-,5
Cesar , La Gloria,20383.0,Mujer,Menores de Edad (<18 años),-,-,-,-,-,-,-,-
Cesar , La Gloria,20383.0,Mujer,Mayores de Edad (>18 años),-,-,-,-,-,-,-,-
Cesar , La Gloria,20383.0,MUJER,TOTAL,-,-,-,-,-,-,-,-
Cesar , La Gloria,20383.0,Indeterminado,Menores de Edad (<18 años),-,-,-,-,-,-,-,-
Cesar , La Gloria,20383.0,Indeterminado,Mayores de Edad (>18 años),-,-,-,-,-,-,-,-
Cesar , La Gloria,20383.0,INDETERMINADO,TOTAL,-,-,-,-,-,-,-,-
Cesar , La Gloria,20383.0,TOTAL,,-,-,-,5,-,-,-,5
Cesar , La Jagua de Ibirico,20400.0,Hombre,Menores de Edad (<18 años),-,-,-,-,-,-,-,-
Cesar , La Jagua de Ibirico,20400.0,Hombre,Mayores de Edad (>18 años),-,-,-,7,-,1,-,8
Cesar , La Jagua de Ibirico,20400.0,HOMBRE,TOTAL,-,-,-,7,-,1,-,8
Cesar , La Jagua de Ibirico,20400.0,Mujer,Menores de Edad (<18 años),-,-,-,-,-,-,-,-
Cesar , La Jagua de Ibirico,20400.0,Mujer,Mayores de Edad (>18 años),-,-,-,-,-,-,-,-
Cesar , La Jagua de Ibirico,20400.0,MUJER,TOTAL,-,-,-,-,-,-,-,-
Cesar , La Jagua de Ibirico,20400.0,Indeterminado,Menores de Edad (<18 años),-,-,-,-,-,-,-,-
Cesar , La Jagua de Ibirico,20400.0,Indeterminado,Mayores de Edad (>18 años),-,-,-,-,-,-,-,-
Cesar , La Jagua de Ibirico,20400.0,INDETERMINADO,TOTAL,-,-,-,-,-,-,-,-
Cesar , La Jagua de Ibirico,20400.0,TOTAL,,-,-,-,7,-,1,-,8
Cesar , La Paz,20621.0,Hombre,Menores de Edad (<18 años),-,-,-,-,-,-,-,-
Cesar , La Paz,20621.0,Hombre,Mayores de Edad (>18 años),-,-,-,2,-,-,-,2
Cesar , La Paz,20621.0,HOMBRE,TOTAL,-,-,-,2,-,-,-,2
Cesar , La Paz,20621.0,Mujer,Menores de Edad (<18 años),-,-,-,-,-,-,-,-
Cesar , La Paz,20621.0,Mujer,Mayores de Edad (>18 años),-,-,-,1,-,-,-,1
Cesar , La Paz,20621.0,MUJER,TOTAL,-,-,-,1,-,-,-,1
Cesar , La Paz,20621.0,Indeterminado,Menores de Edad (<18 años),-,-,-,-,-,-,-,-
Cesar , La Paz,20621.0,Indeterminado,Mayores de Edad (>18 años),-,-,-,-,-,-,-,-
Cesar , La Paz,20621.0,INDETERMINADO,TOTAL,-,-,-,-,-,-,-,-
Cesar , La Paz,20621.0,TOTAL,,-,-,-,3,-,-,-,3
Cesar , Manaure Balcón del Cesar,20443.0,Hombre,Menores de Edad (<18 años),-,-,-,-,-,-,-,-
Cesar , Manaure Balcón del Cesar,20443.0,Hombre,Mayores de Edad (>18 años),-,-,-,2,-,-,-,2
Cesar , Manaure Balcón del Cesar,20443.0,HOMBRE,TOTAL,-,-,-,2,-,-,-,2
Cesar , Manaure Balcón del Cesar,20443.0,Mujer,Menores de Edad (<18 años),-,-,-,-,-,-,-,-
Cesar , Manaure Balcón del Cesar,20443.0,Mujer,Mayores de Edad (>18 años),-,-,-,-,-,-,-,-
Cesar , Manaure Balcón del Cesar,20443.0,MUJER,TOTAL,-,-,-,-,-,-,-,-
Cesar , Manaure Balcón del Cesar,20443.0,Indeterminado,Menores de Edad (<18 años),-,-,-,-,-,-,-,-
Cesar , Manaure Balcón del Cesar,20443.0,Indeterminado,Mayores de Edad (>18 años),-,-,-,-,-,-,-,-
Cesar , Manaure Balcón del Cesar,20443.0,INDETERMINADO,TOTAL,-,-,-,-,-,-,-,-
Cesar , Manaure Balcón del Cesar,20443.0,TOTAL,,-,-,-,2,-,-,-,2
Cesar , Pailitas,20517.0,Hombre,Menores de Edad (<18 años),-,-,-,-,-,-,-,-
Cesar , Pailitas,20517.0,Hombre,Mayores de Edad (>18 años),-,1,-,5,-,-,-,6
Cesar , Pailitas,20517.0,HOMBRE,TOTAL,-,1,-,5,-,-,-,6
Cesar , Pailitas,20517.0,Mujer,Menores de Edad (<18 años),-,-,-,-,-,-,-,-
Cesar , Pailitas,20517.0,Mujer,Mayores de Edad (>18 años),-,-,-,-,-,-,-,-
Cesar , Pailitas,20517.0,MUJER,TOTAL,-,-,-,-,-,-,-,-
Cesar , Pailitas,20517.0,Indeterminado,Menores de Edad (<18 años),-,-,-,-,-,-,-,-
Cesar , Pailitas,20517.0,Indeterminado,Mayores de Edad (>18 años),-,-,-,-,-,-,-,-
Cesar , Pailitas,20517.0,INDETERMINADO,TOTAL,-,-,-,-,-,-,-,-
Cesar , Pailitas,20517.0,TOTAL,,-,1,-,5,-,-,-,6
Cesar , Pelaya,20550.0,Hombre,Menores de Edad (<18 años),-,-,-,-,-,-,-,-
Cesar , Pelaya,20550.0,Hombre,Mayores de Edad (>18 años),-,-,-,7,-,-,2,9
Cesar , Pelaya,20550.0,HOMBRE,TOTAL,-,-,-,7,-,-,2,9
Cesar , Pelaya,20550.0,Mujer,Menores de Edad (<18 años),-,-,-,1,-,-,-,1
Cesar , Pelaya,20550.0,Mujer,Mayores de Edad (>18 años),-,-,-,-,-,-,-,-
Cesar , Pelaya,20550.0,MUJER,TOTAL,-,-,-,1,-,-,-,1
Cesar , Pelaya,20550.0,Indeterminado,Menores de Edad (<18 años),-,-,-,-,-,-,-,-
Cesar , Pelaya,20550.0,Indeterminado,Mayores de Edad (>18 años),-,-,-,-,-,-,-,-
Cesar , Pelaya,20550.0,INDETERMINADO,TOTAL,-,-,-,-,-,-,-,-
Cesar , Pelaya,20550.0,TOTAL,,-,-,-,8,-,-,2,10
Cesar , Pueblo Bello,20570.0,Hombre,Menores de Edad (<18 años),-,-,-,-,-,-,-,-
Cesar , Pueblo Bello,20570.0,Hombre,Mayores de Edad (>18 años),-,-,-,2,-,-,-,2
Cesar , Pueblo Bello,20570.0,HOMBRE,TOTAL,-,-,-,2,-,-,-,2
Cesar , Pueblo Bello,20570.0,Mujer,Menores de Edad (<18 años),-,-,-,-,-,-,-,-
Cesar , Pueblo Bello,20570.0,Mujer,Mayores de Edad (>18 años),-,-,-,-,-,-,-,-
Cesar , Pueblo Bello,20570.0,MUJER,TOTAL,-,-,-,-,-,-,-,-
Cesar , Pueblo Bello,20570.0,Indeterminado,Menores de Edad (<18 años),-,-,-,-,-,-,-,-
Cesar , Pueblo Bello,20570.0,Indeterminado,Mayores de Edad (>18 años),-,-,-,-,-,-,-,-
Cesar , Pueblo Bello,20570.0,INDETERMINADO,TOTAL,-,-,-,-,-,-,-,-
Cesar , Pueblo Bello,20570.0,TOTAL,,-,-,-,2,-,-,-,2
Cesar , Río de Oro,20614.0,Hombre,Menores de Edad (<18 años),-,-,-,-,-,-,-,-
Cesar , Río de Oro,20614.0,Hombre,Mayores de Edad (>18 años),-,-,-,3,-,-,-,3
Cesar , Río de Oro,20614.0,HOMBRE,TOTAL,-,-,-,3,-,-,-,3
Cesar , Río de Oro,20614.0,Mujer,Menores de Edad (<18 años),-,-,-,-,-,-,-,-
Cesar , Río de Oro,20614.0,Mujer,Mayores de Edad (>18 años),-,-,-,-,-,-,-,-
Cesar , Río de Oro,20614.0,MUJER,TOTAL,-,-,-,-,-,-,-,-
Cesar , Río de Oro,20614.0,Indeterminado,Menores de Edad (<18 años),-,-,-,-,-,-,-,-
Cesar , Río de Oro,20614.0,Indeterminado,Mayores de Edad (>18 años),-,-,-,-,-,-,-,-
Cesar , Río de Oro,20614.0,INDETERMINADO,TOTAL,-,-,-,-,-,-,-,-
Cesar , Río de Oro,20614.0,TOTAL,,-,-,-,3,-,-,-,3
Cesar , San Alberto,20710.0,Hombre,Menores de Edad (<18 años),-,-,-,-,-,-,-,-
Cesar , San Alberto,20710.0,Hombre,Mayores de Edad (>18 años),-,-,-,4,-,-,-,4
Cesar , San Alberto,20710.0,HOMBRE,TOTAL,-,-,-,4,-,-,-,4
Cesar , San Alberto,20710.0,Mujer,Menores de Edad (<18 años),-,-,-,-,-,-,-,-
Cesar , San Alberto,20710.0,Mujer,Mayores de Edad (>18 años),-,-,-,-,-,-,-,-
Cesar , San Alberto,20710.0,MUJER,TOTAL,-,-,-,-,-,-,-,-
Cesar , San Alberto,20710.0,Indeterminado,Menores de Edad (<18 años),-,-,-,-,-,-,-,-
Cesar , San Alberto,20710.0,Indeterminado,Mayores de Edad (>18 años),-,-,-,-,-,-,-,-
Cesar , San Alberto,20710.0,INDETERMINADO,TOTAL,-,-,-,-,-,-,-,-
Cesar , San Alberto,20710.0,TOTAL,,-,-,-,4,-,-,-,4
Cesar , San Diego,20750.0,Hombre,Menores de Edad (<18 años),-,-,-,-,-,-,-,-
Cesar , San Diego,20750.0,Hombre,Mayores de Edad (>18 años),-,-,-,1,-,-,-,1
Cesar , San Diego,20750.0,HOMBRE,TOTAL,-,-,-,1,-,-,-,1
Cesar , San Diego,20750.0,Mujer,Menores de Edad (<18 años),-,-,-,-,-,-,-,-
Cesar , San Diego,20750.0,Mujer,Mayores de Edad (>18 años),-,-,-,-,-,-,-,-
Cesar , San Diego,20750.0,MUJER,TOTAL,-,-,-,-,-,-,-,-
Cesar , San Diego,20750.0,Indeterminado,Menores de Edad (<18 años),-,-,-,-,-,-,-,-
Cesar , San Diego,20750.0,Indeterminado,Mayores de Edad (>18 años),-,-,-,-,-,-,-,-
Cesar , San Diego,20750.0,INDETERMINADO,TOTAL,-,-,-,-,-,-,-,-
Cesar , San Diego,20750.0,TOTAL,,-,-,-,1,-,-,-,1
Cesar , San Martín,20770.0,Hombre,Menores de Edad (<18 años),-,-,-,-,-,-,-,-
Cesar , San Martín,20770.0,Hombre,Mayores de Edad (>18 años),-,-,-,4,-,-,-,4
Cesar , San Martín,20770.0,HOMBRE,TOTAL,-,-,-,4,-,-,-,4
Cesar , San Martín,20770.0,Mujer,Menores de Edad (<18 años),-,-,-,-,-,-,-,-
Cesar , San Martín,20770.0,Mujer,Mayores de Edad (>18 años),-,-,-,-,-,-,-,-
Cesar , San Martín,20770.0,MUJER,TOTAL,-,-,-,-,-,-,-,-
Cesar , San Martín,20770.0,Indeterminado,Menores de Edad (<18 años),-,-,-,-,-,-,-,-
Cesar , San Martín,20770.0,Indeterminado,Mayores de Edad (>18 años),-,-,-,-,-,-,-,-
Cesar , San Martín,20770.0,INDETERMINADO,TOTAL,-,-,-,-,-,-,-,-
Cesar , San Martín,20770.0,TOTAL,,-,-,-,4,-,-,-,4
Cesar , Tamalameque,20787.0,Hombre,Menores de Edad (<18 años),-,-,-,-,-,-,-,-
Cesar , Tamalameque,20787.0,Hombre,Mayores de Edad (>18 años),-,-,-,3,-,-,1,4
Cesar , Tamalameque,20787.0,HOMBRE,TOTAL,-,-,-,3,-,-,1,4
Cesar , Tamalameque,20787.0,Mujer,Menores de Edad (<18 años),-,-,-,-,-,-,-,-
Cesar , Tamalameque,20787.0,Mujer,Mayores de Edad (>18 años),-,-,-,-,-,-,-,-
Cesar , Tamalameque,20787.0,MUJER,TOTAL,-,-,-,-,-,-,-,-
Cesar , Tamalameque,20787.0,Indeterminado,Menores de Edad (<18 años),-,-,-,-,-,-,-,-
Cesar , Tamalameque,20787.0,Indeterminado,Mayores de Edad (>18 años),-,-,-,-,-,-,-,-
Cesar , Tamalameque,20787.0,INDETERMINADO,TOTAL,-,-,-,-,-,-,-,-
Cesar , Tamalameque,20787.0,TOTAL,,-,-,-,3,-,-,1,4
Cesar , Valledupar,20001.0,Hombre,Menores de Edad (<18 años),-,-,-,1,-,-,-,1
Cesar , Valledupar,20001.0,Hombre,Mayores de Edad (>18 años),-,2,2,49,-,2,2,57
Cesar , Valledupar,20001.0,HOMBRE,TOTAL,-,2,2,50,-,2,2,58
Cesar , Valledupar,20001.0,Mujer,Menores de Edad (<18 años),-,-,-,1,-,-,-,1
Cesar , Valledupar,20001.0,Mujer,Mayores de Edad (>18 años),-,-,-,4,-,-,-,4
Cesar , Valledupar,20001.0,MUJER,TOTAL,-,-,-,5,-,-,-,5
Cesar , Valledupar,20001.0,Indeterminado,Menores de Edad (<18 años),-,-,-,-,-,-,-,-
Cesar , Valledupar,20001.0,Indeterminado,Mayores de Edad (>18 años),-,-,-,-,-,-,-,-
Cesar , Valledupar,20001.0,INDETERMINADO,TOTAL,-,-,-,-,-,-,-,-
Cesar , Valledupar,20001.0,TOTAL,,-,2,2,55,-,2,2,63
Chocó , Acandí,27006.0,Hombre,Menores de Edad (<18 años),-,-,-,1,-,-,-,1
Chocó , Acandí,27006.0,Hombre,Mayores de Edad (>18 años),-,-,-,1,3,-,-,4
Chocó , Acandí,27006.0,HOMBRE,TOTAL,-,-,-,2,3,-,-,5
Chocó , Acandí,27006.0,Mujer,Menores de Edad (<18 años),-,-,-,-,-,-,-,-
Chocó , Acandí,27006.0,Mujer,Mayores de Edad (>18 años),-,-,-,-,-,-,-,-
Chocó , Acandí,27006.0,MUJER,TOTAL,-,-,-,-,-,-,-,-
Chocó , Acandí,27006.0,Indeterminado,Menores de Edad (<18 años),-,-,-,-,-,-,-,-
Chocó , Acandí,27006.0,Indeterminado,Mayores de Edad (>18 años),-,-,-,-,-,-,-,-
Chocó , Acandí,27006.0,INDETERMINADO,TOTAL,-,-,-,-,-,-,-,-
Chocó , Acandí,27006.0,TOTAL,,-,-,-,2,3,-,-,5
Chocó , Atrato,27050.0,Hombre,Menores de Edad (<18 años),-,-,-,-,-,-,-,-
Chocó , Atrato,27050.0,Hombre,Mayores de Edad (>18 años),-,-,-,-,-,3,-,3
Chocó , Atrato,27050.0,HOMBRE,TOTAL,-,-,-,-,-,3,-,3
Chocó , Atrato,27050.0,Mujer,Menores de Edad (<18 años),-,-,-,-,-,-,-,-
Chocó , Atrato,27050.0,Mujer,Mayores de Edad (>18 años),-,-,-,-,1,-,-,1
Chocó , Atrato,27050.0,MUJER,TOTAL,-,-,-,-,1,-,-,1
Chocó , Atrato,27050.0,Indeterminado,Menores de Edad (<18 años),-,-,-,-,-,-,-,-
Chocó , Atrato,27050.0,Indeterminado,Mayores de Edad (>18 años),-,-,-,-,-,-,-,-
Chocó , Atrato,27050.0,INDETERMINADO,TOTAL,-,-,-,-,-,-,-,-
Chocó , Atrato,27050.0,TOTAL,,-,-,-,-,1,3,-,4
Chocó , Bahía Solano,27075.0,Hombre,Menores de Edad (<18 años),-,-,-,-,-,-,-,-
Chocó , Bahía Solano,27075.0,Hombre,Mayores de Edad (>18 años),-,-,-,-,-,2,-,2
Chocó , Bahía Solano,27075.0,HOMBRE,TOTAL,-,-,-,-,-,2,-,2
Chocó , Bahía Solano,27075.0,Mujer,Menores de Edad (<18 años),-,-,-,-,-,-,-,-
Chocó , Bahía Solano,27075.0,Mujer,Mayores de Edad (>18 años),-,-,-,-,-,-,-,-
Chocó , Bahía Solano,27075.0,MUJER,TOTAL,-,-,-,-,-,-,-,-
Chocó , Bahía Solano,27075.0,Indeterminado,Menores de Edad (<18 años),-,-,-,-,-,-,-,-
Chocó , Bahía Solano,27075.0,Indeterminado,Mayores de Edad (>18 años),-,-,-,-,-,-,-,-
Chocó , Bahía Solano,27075.0,INDETERMINADO,TOTAL,-,-,-,-,-,-,-,-
Chocó , Bahía Solano,27075.0,TOTAL,,-,-,-,-,-,2,-,2
Chocó , Bojayá,27099.0,Hombre,Menores de Edad (<18 años),-,-,-,-,-,-,-,-
Chocó , Bojayá,27099.0,Hombre,Mayores de Edad (>18 años),-,-,-,2,-,-,1,3
Chocó , Bojayá,27099.0,HOMBRE,TOTAL,-,-,-,2,-,-,1,3
Chocó , Bojayá,27099.0,Mujer,Menores de Edad (<18 años),-,-,-,-,-,-,-,-
Chocó , Bojayá,27099.0,Mujer,Mayores de Edad (>18 años),-,-,-,-,-,-,-,-
Chocó , Bojayá,27099.0,MUJER,TOTAL,-,-,-,-,-,-,-,-
Chocó , Bojayá,27099.0,Indeterminado,Menores de Edad (<18 años),-,-,-,-,-,-,-,-
Chocó , Bojayá,27099.0,Indeterminado,Mayores de Edad (>18 años),-,-,-,-,-,-,-,-
Chocó , Bojayá,27099.0,INDETERMINADO,TOTAL,-,-,-,-,-,-,-,-
Chocó , Bojayá,27099.0,TOTAL,,-,-,-,2,-,-,1,3
Chocó , Carmen del Darién,27150.0,Hombre,Menores de Edad (<18 años),-,-,-,-,-,-,-,-
Chocó , Carmen del Darién,27150.0,Hombre,Mayores de Edad (>18 años),-,-,-,3,-,1,-,4
Chocó , Carmen del Darién,27150.0,HOMBRE,TOTAL,-,-,-,3,-,1,-,4
Chocó , Carmen del Darién,27150.0,Mujer,Menores de Edad (<18 años),-,-,-,-,-,-,-,-
Chocó , Carmen del Darién,27150.0,Mujer,Mayores de Edad (>18 años),-,-,-,-,-,-,1,1
Chocó , Carmen del Darién,27150.0,MUJER,TOTAL,-,-,-,-,-,-,1,1
Chocó , Carmen del Darién,27150.0,Indeterminado,Menores de Edad (<18 años),-,-,-,-,-,-,-,-
Chocó , Carmen del Darién,27150.0,Indeterminado,Mayores de Edad (>18 años),-,-,-,-,-,-,-,-
Chocó , Carmen del Darién,27150.0,INDETERMINADO,TOTAL,-,-,-,-,-,-,-,-
Chocó , Carmen del Darién,27150.0,TOTAL,,-,-,-,3,-,1,1,5
Chocó , El Cantón del San Pablo,27135.0,Hombre,Menores de Edad (<18 años),-,-,-,-,-,-,-,-
Chocó , El Cantón del San Pablo,27135.0,Hombre,Mayores de Edad (>18 años),-,-,-,-,-,1,-,1
Chocó , El Cantón del San Pablo,27135.0,HOMBRE,TOTAL,-,-,-,-,-,1,-,1
Chocó , El Cantón del San Pablo,27135.0,Mujer,Menores de Edad (<18 años),-,-,-,-,-,-,-,-
Chocó , El Cantón del San Pablo,27135.0,Mujer,Mayores de Edad (>18 años),-,-,-,-,-,-,-,-
Chocó , El Cantón del San Pablo,27135.0,MUJER,TOTAL,-,-,-,-,-,-,-,-
Chocó , El Cantón del San Pablo,27135.0,Indeterminado,Menores de Edad (<18 años),-,-,-,-,-,-,-,-
Chocó , El Cantón del San Pablo,27135.0,Indeterminado,Mayores de Edad (>18 años),-,-,-,-,-,-,-,-
Chocó , El Cantón del San Pablo,27135.0,INDETERMINADO,TOTAL,-,-,-,-,-,-,-,-
Chocó , El Cantón del San Pablo,27135.0,TOTAL,,-,-,-,-,-,1,-,1
Chocó , El Carmen de Atrato,27245.0,Hombre,Menores de Edad (<18 años),-,-,-,-,-,-,-,-
Chocó , El Carmen de Atrato,27245.0,Hombre,Mayores de Edad (>18 años),-,-,-,3,-,-,-,3
Chocó , El Carmen de Atrato,27245.0,HOMBRE,TOTAL,-,-,-,3,-,-,-,3
Chocó , El Carmen de Atrato,27245.0,Mujer,Menores de Edad (<18 años),-,-,-,-,-,-,-,-
Chocó , El Carmen de Atrato,27245.0,Mujer,Mayores de Edad (>18 años),-,-,-,-,-,-,-,-
Chocó , El Carmen de Atrato,27245.0,MUJER,TOTAL,-,-,-,-,-,-,-,-
Chocó , El Carmen de Atrato,27245.0,Indeterminado,Menores de Edad (<18 años),-,-,-,-,-,-,-,-
Chocó , El Carmen de Atrato,27245.0,Indeterminado,Mayores de Edad (>18 años),-,-,-,-,-,-,-,-
Chocó , El Carmen de Atrato,27245.0,INDETERMINADO,TOTAL,-,-,-,-,-,-,-,-
Chocó , El Carmen de Atrato,27245.0,TOTAL,,-,-,-,3,-,-,-,3
Chocó , Istmina,27361.0,Hombre,Menores de Edad (<18 años),-,-,-,-,-,-,-,-
Chocó , Istmina,27361.0,Hombre,Mayores de Edad (>18 años),-,-,-,-,1,3,-,4
Chocó , Istmina,27361.0,HOMBRE,TOTAL,-,-,-,-,1,3,-,4
Chocó , Istmina,27361.0,Mujer,Menores de Edad (<18 años),-,-,-,-,-,-,-,-
Chocó , Istmina,27361.0,Mujer,Mayores de Edad (>18 años),-,-,-,-,1,-,-,1
Chocó , Istmina,27361.0,MUJER,TOTAL,-,-,-,-,1,-,-,1
Chocó , Istmina,27361.0,Indeterminado,Menores de Edad (<18 años),-,-,-,-,-,-,-,-
Chocó , Istmina,27361.0,Indeterminado,Mayores de Edad (>18 años),-,-,-,-,-,-,-,-
Chocó , Istmina,27361.0,INDETERMINADO,TOTAL,-,-,-,-,-,-,-,-
Chocó , Istmina,27361.0,TOTAL,,-,-,-,-,2,3,-,5
Chocó , Lloró,27413.0,Hombre,Menores de Edad (<18 años),-,-,-,-,-,-,-,-
Chocó , Lloró,27413.0,Hombre,Mayores de Edad (>18 años),-,-,-,-,-,1,-,1
Chocó , Lloró,27413.0,HOMBRE,TOTAL,-,-,-,-,-,1,-,1
Chocó , Lloró,27413.0,Mujer,Menores de Edad (<18 años),-,-,-,-,-,-,-,-
Chocó , Lloró,27413.0,Mujer,Mayores de Edad (>18 años),-,-,-,-,-,-,-,-
Chocó , Lloró,27413.0,MUJER,TOTAL,-,-,-,-,-,-,-,-
Chocó , Lloró,27413.0,Indeterminado,Menores de Edad (<18 años),-,-,-,-,-,-,-,-
Chocó , Lloró,27413.0,Indeterminado,Mayores de Edad (>18 años),-,-,-,-,-,-,-,-
Chocó , Lloró,27413.0,INDETERMINADO,TOTAL,-,-,-,-,-,-,-,-
Chocó , Lloró,27413.0,TOTAL,,-,-,-,-,-,1,-,1
Chocó , Medio Atrato,27425.0,Hombre,Menores de Edad (<18 años),-,-,-,-,-,-,-,-
Chocó , Medio Atrato,27425.0,Hombre,Mayores de Edad (>18 años),-,-,1,-,-,3,-,4
Chocó , Medio Atrato,27425.0,HOMBRE,TOTAL,-,-,1,-,-,3,-,4
Chocó , Medio Atrato,27425.0,Mujer,Menores de Edad (<18 años),-,-,-,-,-,-,-,-
Chocó , Medio Atrato,27425.0,Mujer,Mayores de Edad (>18 años),1,-,-,-,-,-,-,1
Chocó , Medio Atrato,27425.0,MUJER,TOTAL,1,-,-,-,-,-,-,1
Chocó , Medio Atrato,27425.0,Indeterminado,Menores de Edad (<18 años),-,-,-,-,-,-,-,-
Chocó , Medio Atrato,27425.0,Indeterminado,Mayores de Edad (>18 años),-,-,-,-,-,-,-,-
Chocó , Medio Atrato,27425.0,INDETERMINADO,TOTAL,-,-,-,-,-,-,-,-
Chocó , Medio Atrato,27425.0,TOTAL,,1,-,1,-,-,3,-,5
Chocó , Medio Baudó,27430.0,Hombre,Menores de Edad (<18 años),-,-,-,-,-,-,-,-
Chocó , Medio Baudó,27430.0,Hombre,Mayores de Edad (>18 años),-,-,-,-,-,-,1,1
Chocó , Medio Baudó,27430.0,HOMBRE,TOTAL,-,-,-,-,-,-,1,1
Chocó , Medio Baudó,27430.0,Mujer,Menores de Edad (<18 años),-,-,-,-,-,-,-,-
Chocó , Medio Baudó,27430.0,Mujer,Mayores de Edad (>18 años),-,-,-,-,-,-,-,-
Chocó , Medio Baudó,27430.0,MUJER,TOTAL,-,-,-,-,-,-,-,-
Chocó , Medio Baudó,27430.0,Indeterminado,Menores de Edad (<18 años),-,-,-,-,-,-,-,-
Chocó , Medio Baudó,27430.0,Indeterminado,Mayores de Edad (>18 años),-,-,-,-,-,-,-,-
Chocó , Medio Baudó,27430.0,INDETERMINADO,TOTAL,-,-,-,-,-,-,-,-
Chocó , Medio Baudó,27430.0,TOTAL,,-,-,-,-,-,-,1,1
Chocó , Medio San Juan,27450.0,Hombre,Menores de Edad (<18 años),-,-,-,-,-,-,-,-
Chocó , Medio San Juan,27450.0,Hombre,Mayores de Edad (>18 años),-,-,-,1,-,2,-,3
Chocó , Medio San Juan,27450.0,HOMBRE,TOTAL,-,-,-,1,-,2,-,3
Chocó , Medio San Juan,27450.0,Mujer,Menores de Edad (<18 años),-,-,-,-,-,-,-,-
Chocó , Medio San Juan,27450.0,Mujer,Mayores de Edad (>18 años),-,-,-,-,-,-,-,-
Chocó , Medio San Juan,27450.0,MUJER,TOTAL,-,-,-,-,-,-,-,-
Chocó , Medio San Juan,27450.0,Indeterminado,Menores de Edad (<18 años),-,-,-,-,-,-,-,-
Chocó , Medio San Juan,27450.0,Indeterminado,Mayores de Edad (>18 años),-,-,-,-,-,-,-,-
Chocó , Medio San Juan,27450.0,INDETERMINADO,TOTAL,-,-,-,-,-,-,-,-
Chocó , Medio San Juan,27450.0,TOTAL,,-,-,-,1,-,2,-,3
Chocó , Nóvita,27491.0,Hombre,Menores de Edad (<18 años),-,-,-,-,-,-,-,-
Chocó , Nóvita,27491.0,Hombre,Mayores de Edad (>18 años),-,-,-,1,-,1,-,2
Chocó , Nóvita,27491.0,HOMBRE,TOTAL,-,-,-,1,-,1,-,2
Chocó , Nóvita,27491.0,Mujer,Menores de Edad (<18 años),-,-,-,-,-,-,-,-
Chocó , Nóvita,27491.0,Mujer,Mayores de Edad (>18 años),-,-,-,-,-,-,-,-
Chocó , Nóvita,27491.0,MUJER,TOTAL,-,-,-,-,-,-,-,-
Chocó , Nóvita,27491.0,Indeterminado,Menores de Edad (<18 años),-,-,-,-,-,-,-,-
Chocó , Nóvita,27491.0,Indeterminado,Mayores de Edad (>18 años),-,-,-,-,-,-,-,-
Chocó , Nóvita,27491.0,INDETERMINADO,TOTAL,-,-,-,-,-,-,-,-
Chocó , Nóvita,27491.0,TOTAL,,-,-,-,1,-,1,-,2
Chocó , Nuquí,27495.0,Hombre,Menores de Edad (<18 años),-,-,-,-,-,-,-,-
Chocó , Nuquí,27495.0,Hombre,Mayores de Edad (>18 años),-,-,-,-,-,-,-,-
Chocó , Nuquí,27495.0,HOMBRE,TOTAL,-,-,-,-,-,-,-,-
Chocó , Nuquí,27495.0,Mujer,Menores de Edad (<18 años),-,-,-,-,-,-,-,-
Chocó , Nuquí,27495.0,Mujer,Mayores de Edad (>18 años),-,1,-,-,-,-,-,1
Chocó , Nuquí,27495.0,MUJER,TOTAL,-,1,-,-,-,-,-,1
Chocó , Nuquí,27495.0,Indeterminado,Menores de Edad (<18 años),-,-,-,-,-,-,-,-
Chocó , Nuquí,27495.0,Indeterminado,Mayores de Edad (>18 años),-,-,-,-,-,-,-,-
Chocó , Nuquí,27495.0,INDETERMINADO,TOTAL,-,-,-,-,-,-,-,-
Chocó , Nuquí,27495.0,TOTAL,,-,1,-,-,-,-,-,1
Chocó , Quibdó,27001.0,Hombre,Menores de Edad (<18 años),-,-,-,1,1,9,-,11
Chocó , Quibdó,27001.0,Hombre,Mayores de Edad (>18 años),-,4,3,25,8,88,8,136
Chocó , Quibdó,27001.0,HOMBRE,TOTAL,-,4,3,26,9,97,8,147
Chocó , Quibdó,27001.0,Mujer,Menores de Edad (<18 años),-,-,-,-,-,3,-,3
Chocó , Quibdó,27001.0,Mujer,Mayores de Edad (>18 años),-,-,1,1,1,1,-,4
Chocó , Quibdó,27001.0,MUJER,TOTAL,-,-,1,1,1,4,-,7
Chocó , Quibdó,27001.0,Indeterminado,Menores de Edad (<18 años),-,-,-,-,-,-,-,-
Chocó , Quibdó,27001.0,Indeterminado,Mayores de Edad (>18 años),-,-,-,-,-,-,-,-
Chocó , Quibdó,27001.0,INDETERMINADO,TOTAL,-,-,-,-,-,-,-,-
Chocó , Quibdó,27001.0,TOTAL,,-,4,4,27,10,101,8,154
Chocó , Río Quito,27600.0,Hombre,Menores de Edad (<18 años),-,-,-,-,-,-,-,-
Chocó , Río Quito,27600.0,Hombre,Mayores de Edad (>18 años),-,-,-,-,-,1,-,1
Chocó , Río Quito,27600.0,HOMBRE,TOTAL,-,-,-,-,-,1,-,1
Chocó , Río Quito,27600.0,Mujer,Menores de Edad (<18 años),-,-,-,-,-,-,-,-
Chocó , Río Quito,27600.0,Mujer,Mayores de Edad (>18 años),-,-,-,1,-,2,-,3
Chocó , Río Quito,27600.0,MUJER,TOTAL,-,-,-,1,-,2,-,3
Chocó , Río Quito,27600.0,Indeterminado,Menores de Edad (<18 años),-,-,-,-,-,-,-,-
Chocó , Río Quito,27600.0,Indeterminado,Mayores de Edad (>18 años),-,-,-,-,-,-,-,-
Chocó , Río Quito,27600.0,INDETERMINADO,TOTAL,-,-,-,-,-,-,-,-
Chocó , Río Quito,27600.0,TOTAL,,-,-,-,1,-,3,-,4
Chocó , Riosucio,27615.0,Hombre,Menores de Edad (<18 años),-,-,-,-,-,-,-,-
Chocó , Riosucio,27615.0,Hombre,Mayores de Edad (>18 años),-,-,-,1,-,1,4,6
Chocó , Riosucio,27615.0,HOMBRE,TOTAL,-,-,-,1,-,1,4,6
Chocó , Riosucio,27615.0,Mujer,Menores de Edad (<18 años),-,-,-,-,-,-,-,-
Chocó , Riosucio,27615.0,Mujer,Mayores de Edad (>18 años),-,-,-,-,-,-,-,-
Chocó , Riosucio,27615.0,MUJER,TOTAL,-,-,-,-,-,-,-,-
Chocó , Riosucio,27615.0,Indeterminado,Menores de Edad (<18 años),-,-,-,-,-,-,-,-
Chocó , Riosucio,27615.0,Indeterminado,Mayores de Edad (>18 años),-,-,-,-,-,-,-,-
Chocó , Riosucio,27615.0,INDETERMINADO,TOTAL,-,-,-,-,-,-,-,-
Chocó , Riosucio,27615.0,TOTAL,,-,-,-,1,-,1,4,6
Chocó , San José del Palmar,27660.0,Hombre,Menores de Edad (<18 años),-,-,-,-,-,-,-,-
Chocó , San José del Palmar,27660.0,Hombre,Mayores de Edad (>18 años),-,-,-,2,1,-,-,3
Chocó , San José del Palmar,27660.0,HOMBRE,TOTAL,-,-,-,2,1,-,-,3
Chocó , San José del Palmar,27660.0,Mujer,Menores de Edad (<18 años),-,-,-,-,-,-,-,-
Chocó , San José del Palmar,27660.0,Mujer,Mayores de Edad (>18 años),-,-,-,-,-,-,-,-
Chocó , San José del Palmar,27660.0,MUJER,TOTAL,-,-,-,-,-,-,-,-
Chocó , San José del Palmar,27660.0,Indeterminado,Menores de Edad (<18 años),-,-,-,-,-,-,-,-
Chocó , San José del Palmar,27660.0,Indeterminado,Mayores de Edad (>18 años),-,-,-,-,-,-,-,-
Chocó , San José del Palmar,27660.0,INDETERMINADO,TOTAL,-,-,-,-,-,-,-,-
Chocó , San José del Palmar,27660.0,TOTAL,,-,-,-,2,1,-,-,3
Chocó , Unguía,27800.0,Hombre,Menores de Edad (<18 años),-,-,-,-,-,-,-,-
Chocó , Unguía,27800.0,Hombre,Mayores de Edad (>18 años),-,-,-,1,-,-,-,1
Chocó , Unguía,27800.0,HOMBRE,TOTAL,-,-,-,1,-,-,-,1
Chocó , Unguía,27800.0,Mujer,Menores de Edad (<18 años),-,-,-,-,-,-,-,-
Chocó , Unguía,27800.0,Mujer,Mayores de Edad (>18 años),-,-,-,-,-,-,-,-
Chocó , Unguía,27800.0,MUJER,TOTAL,-,-,-,-,-,-,-,-
Chocó , Unguía,27800.0,Indeterminado,Menores de Edad (<18 años),-,-,-,-,-,-,-,-
Chocó , Unguía,27800.0,Indeterminado,Mayores de Edad (>18 años),-,-,-,-,-,-,-,-
Chocó , Unguía,27800.0,INDETERMINADO,TOTAL,-,-,-,-,-,-,-,-
Chocó , Unguía,27800.0,TOTAL,,-,-,-,1,-,-,-,1
Chocó , Unión Panamericana,27810.0,Hombre,Menores de Edad (<18 años),-,-,-,-,-,-,-,-
Chocó , Unión Panamericana,27810.0,Hombre,Mayores de Edad (>18 años),-,-,-,1,-,-,-,1
Chocó , Unión Panamericana,27810.0,HOMBRE,TOTAL,-,-,-,1,-,-,-,1
Chocó , Unión Panamericana,27810.0,Mujer,Menores de Edad (<18 años),-,-,-,-,-,-,-,-
Chocó , Unión Panamericana,27810.0,Mujer,Mayores de Edad (>18 años),-,-,-,-,-,-,-,-
Chocó , Unión Panamericana,27810.0,MUJER,TOTAL,-,-,-,-,-,-,-,-
Chocó , Unión Panamericana,27810.0,Indeterminado,Menores de Edad (<18 años),-,-,-,-,-,-,-,-
Chocó , Unión Panamericana,27810.0,Indeterminado,Mayores de Edad (>18 años),-,-,-,-,-,-,-,-
Chocó , Unión Panamericana,27810.0,INDETERMINADO,TOTAL,-,-,-,-,-,-,-,-
Chocó , Unión Panamericana,27810.0,TOTAL,,-,-,-,1,-,-,-,1
Córdoba , Canalete,23090.0,Hombre,Menores de Edad (<18 años),-,-,-,-,-,-,-,-
Córdoba , Canalete,23090.0,Hombre,Mayores de Edad (>18 años),-,-,-,-,-,-,-,-
Córdoba , Canalete,23090.0,HOMBRE,TOTAL,-,-,-,-,-,-,-,-
Córdoba , Canalete,23090.0,Mujer,Menores de Edad (<18 años),-,-,-,-,-,-,-,-
Córdoba , Canalete,23090.0,Mujer,Mayores de Edad (>18 años),-,-,-,1,-,-,-,1
Córdoba , Canalete,23090.0,MUJER,TOTAL,-,-,-,1,-,-,-,1
Córdoba , Canalete,23090.0,Indeterminado,Menores de Edad (<18 años),-,-,-,-,-,-,-,-
Córdoba , Canalete,23090.0,Indeterminado,Mayores de Edad (>18 años),-,-,-,-,-,-,-,-
Córdoba , Canalete,23090.0,INDETERMINADO,TOTAL,-,-,-,-,-,-,-,-
Córdoba , Canalete,23090.0,TOTAL,,-,-,-,1,-,-,-,1
Córdoba , Cereté,23162.0,Hombre,Menores de Edad (<18 años),-,-,-,-,-,-,-,-
Córdoba , Cereté,23162.0,Hombre,Mayores de Edad (>18 años),-,-,-,3,-,-,-,3
Córdoba , Cereté,23162.0,HOMBRE,TOTAL,-,-,-,3,-,-,-,3
Córdoba , Cereté,23162.0,Mujer,Menores de Edad (<18 años),-,-,-,-,-,-,-,-
Córdoba , Cereté,23162.0,Mujer,Mayores de Edad (>18 años),-,-,-,1,-,-,-,1
Córdoba , Cereté,23162.0,MUJER,TOTAL,-,-,-,1,-,-,-,1
Córdoba , Cereté,23162.0,Indeterminado,Menores de Edad (<18 años),-,-,-,-,-,-,-,-
Córdoba , Cereté,23162.0,Indeterminado,Mayores de Edad (>18 años),-,-,-,-,-,-,-,-
Córdoba , Cereté,23162.0,INDETERMINADO,TOTAL,-,-,-,-,-,-,-,-
Córdoba , Cereté,23162.0,TOTAL,,-,-,-,4,-,-,-,4
Córdoba , Chimá,23168.0,Hombre,Menores de Edad (<18 años),-,-,-,-,-,-,-,-
Córdoba , Chimá,23168.0,Hombre,Mayores de Edad (>18 años),-,-,-,1,-,-,-,1
Córdoba , Chimá,23168.0,HOMBRE,TOTAL,-,-,-,1,-,-,-,1
Córdoba , Chimá,23168.0,Mujer,Menores de Edad (<18 años),-,-,-,-,-,-,-,-
Córdoba , Chimá,23168.0,Mujer,Mayores de Edad (>18 años),-,-,-,-,-,-,-,-
Córdoba , Chimá,23168.0,MUJER,TOTAL,-,-,-,-,-,-,-,-
Córdoba , Chimá,23168.0,Indeterminado,Menores de Edad (<18 años),-,-,-,-,-,-,-,-
Córdoba , Chimá,23168.0,Indeterminado,Mayores de Edad (>18 años),-,-,-,-,-,-,-,-
Córdoba , Chimá,23168.0,INDETERMINADO,TOTAL,-,-,-,-,-,-,-,-
Córdoba , Chimá,23168.0,TOTAL,,-,-,-,1,-,-,-,1
Córdoba , Chinú,23182.0,Hombre,Menores de Edad (<18 años),-,-,-,-,-,-,-,-
Córdoba , Chinú,23182.0,Hombre,Mayores de Edad (>18 años),-,-,-,3,-,-,1,4
Córdoba , Chinú,23182.0,HOMBRE,TOTAL,-,-,-,3,-,-,1,4
Córdoba , Chinú,23182.0,Mujer,Menores de Edad (<18 años),-,-,-,-,-,-,-,-
Córdoba , Chinú,23182.0,Mujer,Mayores de Edad (>18 años),-,-,-,-,-,-,-,-
Córdoba , Chinú,23182.0,MUJER,TOTAL,-,-,-,-,-,-,-,-
Córdoba , Chinú,23182.0,Indeterminado,Menores de Edad (<18 años),-,-,-,-,-,-,-,-
Córdoba , Chinú,23182.0,Indeterminado,Mayores de Edad (>18 años),-,-,-,-,-,-,-,-
Córdoba , Chinú,23182.0,INDETERMINADO,TOTAL,-,-,-,-,-,-,-,-
Córdoba , Chinú,23182.0,TOTAL,,-,-,-,3,-,-,1,4
Córdoba , Cotorra,23300.0,Hombre,Menores de Edad (<18 años),-,-,-,1,-,-,-,1
Córdoba , Cotorra,23300.0,Hombre,Mayores de Edad (>18 años),-,-,-,5,-,-,-,5
Córdoba , Cotorra,23300.0,HOMBRE,TOTAL,-,-,-,6,-,-,-,6
Córdoba , Cotorra,23300.0,Mujer,Menores de Edad (<18 años),-,-,-,-,-,-,-,-
Córdoba , Cotorra,23300.0,Mujer,Mayores de Edad (>18 años),-,-,-,-,-,-,-,-
Córdoba , Cotorra,23300.0,MUJER,TOTAL,-,-,-,-,-,-,-,-
Córdoba , Cotorra,23300.0,Indeterminado,Menores de Edad (<18 años),-,-,-,-,-,-,-,-
Córdoba , Cotorra,23300.0,Indeterminado,Mayores de Edad (>18 años),-,-,-,-,-,-,-,-
Córdoba , Cotorra,23300.0,INDETERMINADO,TOTAL,-,-,-,-,-,-,-,-
Córdoba , Cotorra,23300.0,TOTAL,,-,-,-,6,-,-,-,6
Córdoba , La Apartada,23350.0,Hombre,Menores de Edad (<18 años),-,-,-,-,-,-,-,-
Córdoba , La Apartada,23350.0,Hombre,Mayores de Edad (>18 años),-,-,-,4,-,-,-,4
Córdoba , La Apartada,23350.0,HOMBRE,TOTAL,-,-,-,4,-,-,-,4
Córdoba , La Apartada,23350.0,Mujer,Menores de Edad (<18 años),-,-,-,-,-,-,-,-
Córdoba , La Apartada,23350.0,Mujer,Mayores de Edad (>18 años),-,-,-,-,-,-,-,-
Córdoba , La Apartada,23350.0,MUJER,TOTAL,-,-,-,-,-,-,-,-
Córdoba , La Apartada,23350.0,Indeterminado,Menores de Edad (<18 años),-,-,-,-,-,-,-,-
Córdoba , La Apartada,23350.0,Indeterminado,Mayores de Edad (>18 años),-,-,-,-,-,-,-,-
Córdoba , La Apartada,23350.0,INDETERMINADO,TOTAL,-,-,-,-,-,-,-,-
Córdoba , La Apartada,23350.0,TOTAL,,-,-,-,4,-,-,-,4
Córdoba , Lorica,23417.0,Hombre,Menores de Edad (<18 años),-,-,-,-,-,-,-,-
Córdoba , Lorica,23417.0,Hombre,Mayores de Edad (>18 años),-,-,-,10,-,2,-,12
Córdoba , Lorica,23417.0,HOMBRE,TOTAL,-,-,-,10,-,2,-,12
Córdoba , Lorica,23417.0,Mujer,Menores de Edad (<18 años),-,-,-,-,-,-,-,-
Córdoba , Lorica,23417.0,Mujer,Mayores de Edad (>18 años),-,-,-,1,-,-,-,1
Córdoba , Lorica,23417.0,MUJER,TOTAL,-,-,-,1,-,-,-,1
Córdoba , Lorica,23417.0,Indeterminado,Menores de Edad (<18 años),-,-,-,-,-,-,-,-
Córdoba , Lorica,23417.0,Indeterminado,Mayores de Edad (>18 años),-,-,-,-,-,-,-,-
Córdoba , Lorica,23417.0,INDETERMINADO,TOTAL,-,-,-,-,-,-,-,-
Córdoba , Lorica,23417.0,TOTAL,,-,-,-,11,-,2,-,13
Córdoba , Los Córdobas,23419.0,Hombre,Menores de Edad (<18 años),-,-,-,-,-,-,-,-
Córdoba , Los Córdobas,23419.0,Hombre,Mayores de Edad (>18 años),-,-,-,1,-,2,-,3
Córdoba , Los Córdobas,23419.0,HOMBRE,TOTAL,-,-,-,1,-,2,-,3
Córdoba , Los Córdobas,23419.0,Mujer,Menores de Edad (<18 años),-,-,-,-,-,-,-,-
Córdoba , Los Córdobas,23419.0,Mujer,Mayores de Edad (>18 años),-,-,-,-,-,-,1,1
Córdoba , Los Córdobas,23419.0,MUJER,TOTAL,-,-,-,-,-,-,1,1
Córdoba , Los Córdobas,23419.0,Indeterminado,Menores de Edad (<18 años),-,-,-,-,-,-,-,-
Córdoba , Los Córdobas,23419.0,Indeterminado,Mayores de Edad (>18 años),-,-,-,-,-,-,-,-
Córdoba , Los Córdobas,23419.0,INDETERMINADO,TOTAL,-,-,-,-,-,-,-,-
Córdoba , Los Córdobas,23419.0,TOTAL,,-,-,-,1,-,2,1,4
Córdoba , Momil,23464.0,Hombre,Menores de Edad (<18 años),-,-,-,-,-,-,-,-
Córdoba , Momil,23464.0,Hombre,Mayores de Edad (>18 años),-,-,-,4,-,-,-,4
Córdoba , Momil,23464.0,HOMBRE,TOTAL,-,-,-,4,-,-,-,4
Córdoba , Momil,23464.0,Mujer,Menores de Edad (<18 años),-,-,-,-,-,-,-,-
Córdoba , Momil,23464.0,Mujer,Mayores de Edad (>18 años),-,-,-,-,-,-,-,-
Córdoba , Momil,23464.0,MUJER,TOTAL,-,-,-,-,-,-,-,-
Córdoba , Momil,23464.0,Indeterminado,Menores de Edad (<18 años),-,-,-,-,-,-,-,-
Córdoba , Momil,23464.0,Indeterminado,Mayores de Edad (>18 años),-,-,-,-,-,-,-,-
Córdoba , Momil,23464.0,INDETERMINADO,TOTAL,-,-,-,-,-,-,-,-
Córdoba , Momil,23464.0,TOTAL,,-,-,-,4,-,-,-,4
Córdoba , Montelíbano,23466.0,Hombre,Menores de Edad (<18 años),-,-,-,-,-,-,-,-
Córdoba , Montelíbano,23466.0,Hombre,Mayores de Edad (>18 años),-,-,-,43,-,-,3,46
Córdoba , Montelíbano,23466.0,HOMBRE,TOTAL,-,-,-,43,-,-,3,46
Córdoba , Montelíbano,23466.0,Mujer,Menores de Edad (<18 años),-,-,-,1,-,-,-,1
Córdoba , Montelíbano,23466.0,Mujer,Mayores de Edad (>18 años),-,-,-,2,-,-,-,2
Córdoba , Montelíbano,23466.0,MUJER,TOTAL,-,-,-,3,-,-,-,3
Córdoba , Montelíbano,23466.0,Indeterminado,Menores de Edad (<18 años),-,-,-,-,-,-,-,-
Córdoba , Montelíbano,23466.0,Indeterminado,Mayores de Edad (>18 años),-,-,-,-,-,-,-,-
Córdoba , Montelíbano,23466.0,INDETERMINADO,TOTAL,-,-,-,-,-,-,-,-
Córdoba , Montelíbano,23466.0,TOTAL,,-,-,-,46,-,-,3,49
Córdoba , Montería,23001.0,Hombre,Menores de Edad (<18 años),-,-,-,1,-,-,-,1
Córdoba , Montería,23001.0,Hombre,Mayores de Edad (>18 años),-,-,-,61,-,-,6,67
Córdoba , Montería,23001.0,HOMBRE,TOTAL,-,-,-,62,-,-,6,68
Córdoba , Montería,23001.0,Mujer,Menores de Edad (<18 años),-,-,-,-,-,-,-,-
Córdoba , Montería,23001.0,Mujer,Mayores de Edad (>18 años),-,-,-,6,-,1,-,7
Córdoba , Montería,23001.0,MUJER,TOTAL,-,-,-,6,-,1,-,7
Córdoba , Montería,23001.0,Indeterminado,Menores de Edad (<18 años),-,-,-,-,-,-,-,-
Córdoba , Montería,23001.0,Indeterminado,Mayores de Edad (>18 años),-,-,-,-,-,-,-,-
Córdoba , Montería,23001.0,INDETERMINADO,TOTAL,-,-,-,-,-,-,-,-
Córdoba , Montería,23001.0,TOTAL,,-,-,-,68,-,1,6,75
Córdoba , Moñitos,23500.0,Hombre,Menores de Edad (<18 años),-,-,-,-,-,-,-,-
Córdoba , Moñitos,23500.0,Hombre,Mayores de Edad (>18 años),-,-,-,2,-,-,-,2
Córdoba , Moñitos,23500.0,HOMBRE,TOTAL,-,-,-,2,-,-,-,2
Córdoba , Moñitos,23500.0,Mujer,Menores de Edad (<18 años),-,-,-,-,-,-,-,-
Córdoba , Moñitos,23500.0,Mujer,Mayores de Edad (>18 años),-,-,-,-,-,-,-,-
Córdoba , Moñitos,23500.0,MUJER,TOTAL,-,-,-,-,-,-,-,-
Córdoba , Moñitos,23500.0,Indeterminado,Menores de Edad (<18 años),-,-,-,-,-,-,-,-
Córdoba , Moñitos,23500.0,Indeterminado,Mayores de Edad (>18 años),-,-,-,-,-,-,-,-
Córdoba , Moñitos,23500.0,INDETERMINADO,TOTAL,-,-,-,-,-,-,-,-
Córdoba , Moñitos,23500.0,TOTAL,,-,-,-,2,-,-,-,2
Córdoba , Planeta Rica,23555.0,Hombre,Menores de Edad (<18 años),-,-,-,-,-,-,-,-
Córdoba , Planeta Rica,23555.0,Hombre,Mayores de Edad (>18 años),-,-,-,2,-,-,-,2
Córdoba , Planeta Rica,23555.0,HOMBRE,TOTAL,-,-,-,2,-,-,-,2
Córdoba , Planeta Rica,23555.0,Mujer,Menores de Edad (<18 años),-,-,-,-,-,-,-,-
Córdoba , Planeta Rica,23555.0,Mujer,Mayores de Edad (>18 años),-,-,-,-,-,-,-,-
Córdoba , Planeta Rica,23555.0,MUJER,TOTAL,-,-,-,-,-,-,-,-
Córdoba , Planeta Rica,23555.0,Indeterminado,Menores de Edad (<18 años),-,-,-,-,-,-,-,-
Córdoba , Planeta Rica,23555.0,Indeterminado,Mayores de Edad (>18 años),-,-,-,-,-,-,-,-
Córdoba , Planeta Rica,23555.0,INDETERMINADO,TOTAL,-,-,-,-,-,-,-,-
Córdoba , Planeta Rica,23555.0,TOTAL,,-,-,-,2,-,-,-,2
Córdoba , Pueblo Nuevo,23570.0,Hombre,Menores de Edad (<18 años),-,-,-,-,-,-,-,-
Córdoba , Pueblo Nuevo,23570.0,Hombre,Mayores de Edad (>18 años),-,-,-,1,-,-,-,1
Córdoba , Pueblo Nuevo,23570.0,HOMBRE,TOTAL,-,-,-,1,-,-,-,1
Córdoba , Pueblo Nuevo,23570.0,Mujer,Menores de Edad (<18 años),-,-,-,-,-,-,-,-
Córdoba , Pueblo Nuevo,23570.0,Mujer,Mayores de Edad (>18 años),-,-,-,-,-,-,-,-
Córdoba , Pueblo Nuevo,23570.0,MUJER,TOTAL,-,-,-,-,-,-,-,-
Córdoba , Pueblo Nuevo,23570.0,Indeterminado,Menores de Edad (<18 años),-,-,-,-,-,-,-,-
Córdoba , Pueblo Nuevo,23570.0,Indeterminado,Mayores de Edad (>18 años),-,-,-,-,-,-,-,-
Córdoba , Pueblo Nuevo,23570.0,INDETERMINADO,TOTAL,-,-,-,-,-,-,-,-
Córdoba , Pueblo Nuevo,23570.0,TOTAL,,-,-,-,1,-,-,-,1
Córdoba , Puerto Escondido,23574.0,Hombre,Menores de Edad (<18 años),-,-,-,-,-,-,-,-
Córdoba , Puerto Escondido,23574.0,Hombre,Mayores de Edad (>18 años),-,-,-,1,-,-,-,1
Córdoba , Puerto Escondido,23574.0,HOMBRE,TOTAL,-,-,-,1,-,-,-,1
Córdoba , Puerto Escondido,23574.0,Mujer,Menores de Edad (<18 años),-,-,-,-,-,-,-,-
Córdoba , Puerto Escondido,23574.0,Mujer,Mayores de Edad (>18 años),-,-,-,-,-,-,-,-
Córdoba , Puerto Escondido,23574.0,MUJER,TOTAL,-,-,-,-,-,-,-,-
Córdoba , Puerto Escondido,23574.0,Indeterminado,Menores de Edad (<18 años),-,-,-,-,-,-,-,-
Córdoba , Puerto Escondido,23574.0,Indeterminado,Mayores de Edad (>18 años),-,-,-,-,-,-,-,-
Córdoba , Puerto Escondido,23574.0,INDETERMINADO,TOTAL,-,-,-,-,-,-,-,-
Córdoba , Puerto Escondido,23574.0,TOTAL,,-,-,-,1,-,-,-,1
Córdoba , Puerto Libertador,23580.0,Hombre,Menores de Edad (<18 años),-,-,-,1,-,-,-,1
Córdoba , Puerto Libertador,23580.0,Hombre,Mayores de Edad (>18 años),-,-,-,16,-,1,1,18
Córdoba , Puerto Libertador,23580.0,HOMBRE,TOTAL,-,-,-,17,-,1,1,19
Córdoba , Puerto Libertador,23580.0,Mujer,Menores de Edad (<18 años),-,-,-,-,-,-,-,-
Córdoba , Puerto Libertador,23580.0,Mujer,Mayores de Edad (>18 años),-,-,-,1,-,-,-,1
Córdoba , Puerto Libertador,23580.0,MUJER,TOTAL,-,-,-,1,-,-,-,1
Córdoba , Puerto Libertador,23580.0,Indeterminado,Menores de Edad (<18 años),-,-,-,-,-,-,-,-
Córdoba , Puerto Libertador,23580.0,Indeterminado,Mayores de Edad (>18 años),-,-,-,-,-,-,-,-
Córdoba , Puerto Libertador,23580.0,INDETERMINADO,TOTAL,-,-,-,-,-,-,-,-
Córdoba , Puerto Libertador,23580.0,TOTAL,,-,-,-,18,-,1,1,20
Córdoba , Purísima de la Concepción,23586.0,Hombre,Menores de Edad (<18 años),-,-,-,-,-,-,-,-
Córdoba , Purísima de la Concepción,23586.0,Hombre,Mayores de Edad (>18 años),-,-,-,1,-,-,-,1
Córdoba , Purísima de la Concepción,23586.0,HOMBRE,TOTAL,-,-,-,1,-,-,-,1
Córdoba , Purísima de la Concepción,23586.0,Mujer,Menores de Edad (<18 años),-,-,-,-,-,-,-,-
Córdoba , Purísima de la Concepción,23586.0,Mujer,Mayores de Edad (>18 años),-,-,-,-,-,-,-,-
Córdoba , Purísima de la Concepción,23586.0,MUJER,TOTAL,-,-,-,-,-,-,-,-
Córdoba , Purísima de la Concepción,23586.0,Indeterminado,Menores de Edad (<18 años),-,-,-,-,-,-,-,-
Córdoba , Purísima de la Concepción,23586.0,Indeterminado,Mayores de Edad (>18 años),-,-,-,-,-,-,-,-
Córdoba , Purísima de la Concepción,23586.0,INDETERMINADO,TOTAL,-,-,-,-,-,-,-,-
Córdoba , Purísima de la Concepción,23586.0,TOTAL,,-,-,-,1,-,-,-,1
Córdoba , Sahagún,23660.0,Hombre,Menores de Edad (<18 años),-,-,-,-,-,-,-,-
Córdoba , Sahagún,23660.0,Hombre,Mayores de Edad (>18 años),-,1,-,8,-,-,8,17
Córdoba , Sahagún,23660.0,HOMBRE,TOTAL,-,1,-,8,-,-,8,17
Córdoba , Sahagún,23660.0,Mujer,Menores de Edad (<18 años),-,-,-,-,-,-,-,-
Córdoba , Sahagún,23660.0,Mujer,Mayores de Edad (>18 años),-,-,-,2,-,-,1,3
Córdoba , Sahagún,23660.0,MUJER,TOTAL,-,-,-,2,-,-,1,3
Córdoba , Sahagún,23660.0,Indeterminado,Menores de Edad (<18 años),-,-,-,-,-,-,-,-
Córdoba , Sahagún,23660.0,Indeterminado,Mayores de Edad (>18 años),-,-,-,-,-,-,-,-
Córdoba , Sahagún,23660.0,INDETERMINADO,TOTAL,-,-,-,-,-,-,-,-
Córdoba , Sahagún,23660.0,TOTAL,,-,1,-,10,-,-,9,20
Córdoba , San Andrés de Sotavento,23670.0,Hombre,Menores de Edad (<18 años),-,-,-,-,-,-,-,-
Córdoba , San Andrés de Sotavento,23670.0,Hombre,Mayores de Edad (>18 años),-,-,-,1,-,-,-,1
Córdoba , San Andrés de Sotavento,23670.0,HOMBRE,TOTAL,-,-,-,1,-,-,-,1
Córdoba , San Andrés de Sotavento,23670.0,Mujer,Menores de Edad (<18 años),-,-,-,-,-,-,-,-
Córdoba , San Andrés de Sotavento,23670.0,Mujer,Mayores de Edad (>18 años),-,-,-,-,-,-,-,-
Córdoba , San Andrés de Sotavento,23670.0,MUJER,TOTAL,-,-,-,-,-,-,-,-
Córdoba , San Andrés de Sotavento,23670.0,Indeterminado,Menores de Edad (<18 años),-,-,-,-,-,-,-,-
Córdoba , San Andrés de Sotavento,23670.0,Indeterminado,Mayores de Edad (>18 años),-,-,-,-,-,-,-,-
Córdoba , San Andrés de Sotavento,23670.0,INDETERMINADO,TOTAL,-,-,-,-,-,-,-,-
Córdoba , San Andrés de Sotavento,23670.0,TOTAL,,-,-,-,1,-,-,-,1
Córdoba , San Antero,23672.0,Hombre,Menores de Edad (<18 años),-,-,-,-,-,1,-,1
Córdoba , San Antero,23672.0,Hombre,Mayores de Edad (>18 años),-,-,-,3,-,-,-,3
Córdoba , San Antero,23672.0,HOMBRE,TOTAL,-,-,-,3,-,1,-,4
Córdoba , San Antero,23672.0,Mujer,Menores de Edad (<18 años),-,-,-,-,-,-,-,-
Córdoba , San Antero,23672.0,Mujer,Mayores de Edad (>18 años),-,-,-,-,-,-,-,-
Córdoba , San Antero,23672.0,MUJER,TOTAL,-,-,-,-,-,-,-,-
Córdoba , San Antero,23672.0,Indeterminado,Menores de Edad (<18 años),-,-,-,-,-,-,-,-
Córdoba , San Antero,23672.0,Indeterminado,Mayores de Edad (>18 años),-,-,-,-,-,-,-,-
Córdoba , San Antero,23672.0,INDETERMINADO,TOTAL,-,-,-,-,-,-,-,-
Córdoba , San Antero,23672.0,TOTAL,,-,-,-,3,-,1,-,4
Córdoba , San Carlos,23678.0,Hombre,Menores de Edad (<18 años),-,-,-,-,-,-,-,-
Córdoba , San Carlos,23678.0,Hombre,Mayores de Edad (>18 años),-,-,-,-,-,-,-,-
Córdoba , San Carlos,23678.0,HOMBRE,TOTAL,-,-,-,-,-,-,-,-
Córdoba , San Carlos,23678.0,Mujer,Menores de Edad (<18 años),-,-,-,-,-,-,-,-
Córdoba , San Carlos,23678.0,Mujer,Mayores de Edad (>18 años),-,-,-,1,-,-,-,1
Córdoba , San Carlos,23678.0,MUJER,TOTAL,-,-,-,1,-,-,-,1
Córdoba , San Carlos,23678.0,Indeterminado,Menores de Edad (<18 años),-,-,-,-,-,-,-,-
Córdoba , San Carlos,23678.0,Indeterminado,Mayores de Edad (>18 años),-,-,-,-,-,-,-,-
Córdoba , San Carlos,23678.0,INDETERMINADO,TOTAL,-,-,-,-,-,-,-,-
Córdoba , San Carlos,23678.0,TOTAL,,-,-,-,1,-,-,-,1
Córdoba , San José de Uré,23682.0,Hombre,Menores de Edad (<18 años),-,-,-,2,-,-,-,2
Córdoba , San José de Uré,23682.0,Hombre,Mayores de Edad (>18 años),-,-,1,10,-,-,-,11
Córdoba , San José de Uré,23682.0,HOMBRE,TOTAL,-,-,1,12,-,-,-,13
Córdoba , San José de Uré,23682.0,Mujer,Menores de Edad (<18 años),-,-,-,-,-,-,-,-
Córdoba , San José de Uré,23682.0,Mujer,Mayores de Edad (>18 años),-,-,-,1,-,-,-,1
Córdoba , San José de Uré,23682.0,MUJER,TOTAL,-,-,-,1,-,-,-,1
Córdoba , San José de Uré,23682.0,Indeterminado,Menores de Edad (<18 años),-,-,-,-,-,-,-,-
Córdoba , San José de Uré,23682.0,Indeterminado,Mayores de Edad (>18 años),-,-,-,-,-,-,-,-
Córdoba , San José de Uré,23682.0,INDETERMINADO,TOTAL,-,-,-,-,-,-,-,-
Córdoba , San José de Uré,23682.0,TOTAL,,-,-,1,13,-,-,-,14
Córdoba , San Pelayo,23686.0,Hombre,Menores de Edad (<18 años),-,-,-,-,-,-,-,-
Córdoba , San Pelayo,23686.0,Hombre,Mayores de Edad (>18 años),-,-,-,1,-,-,-,1
Córdoba , San Pelayo,23686.0,HOMBRE,TOTAL,-,-,-,1,-,-,-,1
Córdoba , San Pelayo,23686.0,Mujer,Menores de Edad (<18 años),-,-,-,-,-,-,-,-
Córdoba , San Pelayo,23686.0,Mujer,Mayores de Edad (>18 años),-,-,-,-,-,-,-,-
Córdoba , San Pelayo,23686.0,MUJER,TOTAL,-,-,-,-,-,-,-,-
Córdoba , San Pelayo,23686.0,Indeterminado,Menores de Edad (<18 años),-,-,-,-,-,-,-,-
Córdoba , San Pelayo,23686.0,Indeterminado,Mayores de Edad (>18 años),-,-,-,-,-,-,-,-
Córdoba , San Pelayo,23686.0,INDETERMINADO,TOTAL,-,-,-,-,-,-,-,-
Córdoba , San Pelayo,23686.0,TOTAL,,-,-,-,1,-,-,-,1
Córdoba , Tierralta,23807.0,Hombre,Menores de Edad (<18 años),-,-,-,-,-,-,-,-
Córdoba , Tierralta,23807.0,Hombre,Mayores de Edad (>18 años),-,1,1,2,-,-,-,4
Córdoba , Tierralta,23807.0,HOMBRE,TOTAL,-,1,1,2,-,-,-,4
Córdoba , Tierralta,23807.0,Mujer,Menores de Edad (<18 años),-,-,-,-,-,-,-,-
Córdoba , Tierralta,23807.0,Mujer,Mayores de Edad (>18 años),-,-,-,2,-,-,-,2
Córdoba , Tierralta,23807.0,MUJER,TOTAL,-,-,-,2,-,-,-,2
Córdoba , Tierralta,23807.0,Indeterminado,Menores de Edad (<18 años),-,-,-,-,-,-,-,-
Córdoba , Tierralta,23807.0,Indeterminado,Mayores de Edad (>18 años),-,-,-,-,-,-,-,-
Córdoba , Tierralta,23807.0,INDETERMINADO,TOTAL,-,-,-,-,-,-,-,-
Córdoba , Tierralta,23807.0,TOTAL,,-,1,1,4,-,-,-,6
Córdoba , Tuchín,23815.0,Hombre,Menores de Edad (<18 años),-,-,-,-,-,-,-,-
Córdoba , Tuchín,23815.0,Hombre,Mayores de Edad (>18 años),-,-,1,1,-,-,-,2
Córdoba , Tuchín,23815.0,HOMBRE,TOTAL,-,-,1,1,-,-,-,2
Córdoba , Tuchín,23815.0,Mujer,Menores de Edad (<18 años),-,-,-,-,-,-,-,-
Córdoba , Tuchín,23815.0,Mujer,Mayores de Edad (>18 años),-,-,-,-,-,-,-,-
Córdoba , Tuchín,23815.0,MUJER,TOTAL,-,-,-,-,-,-,-,-
Córdoba , Tuchín,23815.0,Indeterminado,Menores de Edad (<18 años),-,-,-,-,-,-,-,-
Córdoba , Tuchín,23815.0,Indeterminado,Mayores de Edad (>18 años),-,-,-,-,-,-,-,-
Córdoba , Tuchín,23815.0,INDETERMINADO,TOTAL,-,-,-,-,-,-,-,-
Córdoba , Tuchín,23815.0,TOTAL,,-,-,1,1,-,-,-,2
Cundinamarca , Agua de Dios,25001.0,Hombre,Menores de Edad (<18 años),-,-,-,-,-,-,-,-
Cundinamarca , Agua de Dios,25001.0,Hombre,Mayores de Edad (>18 años),-,-,-,-,-,-,-,-
Cundinamarca , Agua de Dios,25001.0,HOMBRE,TOTAL,-,-,-,-,-,-,-,-
Cundinamarca , Agua de Dios,25001.0,Mujer,Menores de Edad (<18 años),-,-,-,-,-,-,-,-
Cundinamarca , Agua de Dios,25001.0,Mujer,Mayores de Edad (>18 años),-,-,-,1,-,-,-,1
Cundinamarca , Agua de Dios,25001.0,MUJER,TOTAL,-,-,-,1,-,-,-,1
Cundinamarca , Agua de Dios,25001.0,Indeterminado,Menores de Edad (<18 años),-,-,-,-,-,-,-,-
Cundinamarca , Agua de Dios,25001.0,Indeterminado,Mayores de Edad (>18 años),-,-,-,-,-,-,-,-
Cundinamarca , Agua de Dios,25001.0,INDETERMINADO,TOTAL,-,-,-,-,-,-,-,-
Cundinamarca , Agua de Dios,25001.0,TOTAL,,-,-,-,1,-,-,-,1
Cundinamarca , Albán,25019.0,Hombre,Menores de Edad (<18 años),-,-,-,-,-,-,-,-
Cundinamarca , Albán,25019.0,Hombre,Mayores de Edad (>18 años),-,-,-,1,-,-,-,1
Cundinamarca , Albán,25019.0,HOMBRE,TOTAL,-,-,-,1,-,-,-,1
Cundinamarca , Albán,25019.0,Mujer,Menores de Edad (<18 años),-,-,-,-,-,-,-,-
Cundinamarca , Albán,25019.0,Mujer,Mayores de Edad (>18 años),-,-,-,-,-,-,-,-
Cundinamarca , Albán,25019.0,MUJER,TOTAL,-,-,-,-,-,-,-,-
Cundinamarca , Albán,25019.0,Indeterminado,Menores de Edad (<18 años),-,-,-,-,-,-,-,-
Cundinamarca , Albán,25019.0,Indeterminado,Mayores de Edad (>18 años),-,-,-,-,-,-,-,-
Cundinamarca , Albán,25019.0,INDETERMINADO,TOTAL,-,-,-,-,-,-,-,-
Cundinamarca , Albán,25019.0,TOTAL,,-,-,-,1,-,-,-,1
Cundinamarca , Apulo,25599.0,Hombre,Menores de Edad (<18 años),-,-,-,-,-,-,-,-
Cundinamarca , Apulo,25599.0,Hombre,Mayores de Edad (>18 años),-,-,-,3,-,-,-,3
Cundinamarca , Apulo,25599.0,HOMBRE,TOTAL,-,-,-,3,-,-,-,3
Cundinamarca , Apulo,25599.0,Mujer,Menores de Edad (<18 años),-,-,-,-,-,-,-,-
Cundinamarca , Apulo,25599.0,Mujer,Mayores de Edad (>18 años),-,-,-,-,-,-,-,-
Cundinamarca , Apulo,25599.0,MUJER,TOTAL,-,-,-,-,-,-,-,-
Cundinamarca , Apulo,25599.0,Indeterminado,Menores de Edad (<18 años),-,-,-,-,-,-,-,-
Cundinamarca , Apulo,25599.0,Indeterminado,Mayores de Edad (>18 años),-,-,-,-,-,-,-,-
Cundinamarca , Apulo,25599.0,INDETERMINADO,TOTAL,-,-,-,-,-,-,-,-
Cundinamarca , Apulo,25599.0,TOTAL,,-,-,-,3,-,-,-,3
Cundinamarca , Arbeláez,25053.0,Hombre,Menores de Edad (<18 años),-,-,-,-,-,-,-,-
Cundinamarca , Arbeláez,25053.0,Hombre,Mayores de Edad (>18 años),-,-,-,1,-,-,-,1
Cundinamarca , Arbeláez,25053.0,HOMBRE,TOTAL,-,-,-,1,-,-,-,1
Cundinamarca , Arbeláez,25053.0,Mujer,Menores de Edad (<18 años),-,-,-,-,-,-,-,-
Cundinamarca , Arbeláez,25053.0,Mujer,Mayores de Edad (>18 años),-,-,-,-,-,-,-,-
Cundinamarca , Arbeláez,25053.0,MUJER,TOTAL,-,-,-,-,-,-,-,-
Cundinamarca , Arbeláez,25053.0,Indeterminado,Menores de Edad (<18 años),-,-,-,-,-,-,-,-
Cundinamarca , Arbeláez,25053.0,Indeterminado,Mayores de Edad (>18 años),-,-,-,-,-,-,-,-
Cundinamarca , Arbeláez,25053.0,INDETERMINADO,TOTAL,-,-,-,-,-,-,-,-
Cundinamarca , Arbeláez,25053.0,TOTAL,,-,-,-,1,-,-,-,1
Cundinamarca , Cachipay,25123.0,Hombre,Menores de Edad (<18 años),-,-,-,-,-,-,-,-
Cundinamarca , Cachipay,25123.0,Hombre,Mayores de Edad (>18 años),-,-,-,2,-,-,-,2
Cundinamarca , Cachipay,25123.0,HOMBRE,TOTAL,-,-,-,2,-,-,-,2
Cundinamarca , Cachipay,25123.0,Mujer,Menores de Edad (<18 años),-,-,-,-,-,-,-,-
Cundinamarca , Cachipay,25123.0,Mujer,Mayores de Edad (>18 años),-,-,-,-,-,-,-,-
Cundinamarca , Cachipay,25123.0,MUJER,TOTAL,-,-,-,-,-,-,-,-
Cundinamarca , Cachipay,25123.0,Indeterminado,Menores de Edad (<18 años),-,-,-,-,-,-,-,-
Cundinamarca , Cachipay,25123.0,Indeterminado,Mayores de Edad (>18 años),-,-,-,-,-,-,-,-
Cundinamarca , Cachipay,25123.0,INDETERMINADO,TOTAL,-,-,-,-,-,-,-,-
Cundinamarca , Cachipay,25123.0,TOTAL,,-,-,-,2,-,-,-,2
Cundinamarca , Cajicá,25126.0,Hombre,Menores de Edad (<18 años),-,-,-,1,-,-,-,1
Cundinamarca , Cajicá,25126.0,Hombre,Mayores de Edad (>18 años),-,-,-,2,-,-,-,2
Cundinamarca , Cajicá,25126.0,HOMBRE,TOTAL,-,-,-,3,-,-,-,3
Cundinamarca , Cajicá,25126.0,Mujer,Menores de Edad (<18 años),-,-,-,-,-,-,-,-
Cundinamarca , Cajicá,25126.0,Mujer,Mayores de Edad (>18 años),-,-,-,-,-,-,-,-
Cundinamarca , Cajicá,25126.0,MUJER,TOTAL,-,-,-,-,-,-,-,-
Cundinamarca , Cajicá,25126.0,Indeterminado,Menores de Edad (<18 años),-,-,-,-,-,-,-,-
Cundinamarca , Cajicá,25126.0,Indeterminado,Mayores de Edad (>18 años),-,-,-,-,-,-,-,-
Cundinamarca , Cajicá,25126.0,INDETERMINADO,TOTAL,-,-,-,-,-,-,-,-
Cundinamarca , Cajicá,25126.0,TOTAL,,-,-,-,3,-,-,-,3
Cundinamarca , Cáqueza,25151.0,Hombre,Menores de Edad (<18 años),-,-,-,-,-,-,-,-
Cundinamarca , Cáqueza,25151.0,Hombre,Mayores de Edad (>18 años),-,-,-,-,-,-,1,1
Cundinamarca , Cáqueza,25151.0,HOMBRE,TOTAL,-,-,-,-,-,-,1,1
Cundinamarca , Cáqueza,25151.0,Mujer,Menores de Edad (<18 años),-,-,-,-,-,-,-,-
Cundinamarca , Cáqueza,25151.0,Mujer,Mayores de Edad (>18 años),-,-,-,-,-,-,-,-
Cundinamarca , Cáqueza,25151.0,MUJER,TOTAL,-,-,-,-,-,-,-,-
Cundinamarca , Cáqueza,25151.0,Indeterminado,Menores de Edad (<18 años),-,-,-,-,-,-,-,-
Cundinamarca , Cáqueza,25151.0,Indeterminado,Mayores de Edad (>18 años),-,-,-,-,-,-,-,-
Cundinamarca , Cáqueza,25151.0,INDETERMINADO,TOTAL,-,-,-,-,-,-,-,-
Cundinamarca , Cáqueza,25151.0,TOTAL,,-,-,-,-,-,-,1,1
Cundinamarca , Chía,25175.0,Hombre,Menores de Edad (<18 años),-,-,-,-,-,-,-,-
Cundinamarca , Chía,25175.0,Hombre,Mayores de Edad (>18 años),-,-,-,5,-,-,-,5
Cundinamarca , Chía,25175.0,HOMBRE,TOTAL,-,-,-,5,-,-,-,5
Cundinamarca , Chía,25175.0,Mujer,Menores de Edad (<18 años),-,-,-,-,-,-,-,-
Cundinamarca , Chía,25175.0,Mujer,Mayores de Edad (>18 años),-,-,-,-,-,-,-,-
Cundinamarca , Chía,25175.0,MUJER,TOTAL,-,-,-,-,-,-,-,-
Cundinamarca , Chía,25175.0,Indeterminado,Menores de Edad (<18 años),-,-,-,-,-,-,-,-
Cundinamarca , Chía,25175.0,Indeterminado,Mayores de Edad (>18 años),-,-,-,-,-,-,-,-
Cundinamarca , Chía,25175.0,INDETERMINADO,TOTAL,-,-,-,-,-,-,-,-
Cundinamarca , Chía,25175.0,TOTAL,,-,-,-,5,-,-,-,5
Cundinamarca , Chipaque,25178.0,Hombre,Menores de Edad (<18 años),-,-,-,-,-,-,-,-
Cundinamarca , Chipaque,25178.0,Hombre,Mayores de Edad (>18 años),-,-,-,1,-,-,-,1
Cundinamarca , Chipaque,25178.0,HOMBRE,TOTAL,-,-,-,1,-,-,-,1
Cundinamarca , Chipaque,25178.0,Mujer,Menores de Edad (<18 años),-,-,-,-,-,-,-,-
Cundinamarca , Chipaque,25178.0,Mujer,Mayores de Edad (>18 años),-,-,-,-,-,-,-,-
Cundinamarca , Chipaque,25178.0,MUJER,TOTAL,-,-,-,-,-,-,-,-
Cundinamarca , Chipaque,25178.0,Indeterminado,Menores de Edad (<18 años),-,-,-,-,-,-,-,-
Cundinamarca , Chipaque,25178.0,Indeterminado,Mayores de Edad (>18 años),-,-,-,-,-,-,-,-
Cundinamarca , Chipaque,25178.0,INDETERMINADO,TOTAL,-,-,-,-,-,-,-,-
Cundinamarca , Chipaque,25178.0,TOTAL,,-,-,-,1,-,-,-,1
Cundinamarca , Chocontá,25183.0,Hombre,Menores de Edad (<18 años),-,-,-,-,-,-,-,-
Cundinamarca , Chocontá,25183.0,Hombre,Mayores de Edad (>18 años),-,-,-,2,-,-,-,2
Cundinamarca , Chocontá,25183.0,HOMBRE,TOTAL,-,-,-,2,-,-,-,2
Cundinamarca , Chocontá,25183.0,Mujer,Menores de Edad (<18 años),-,-,-,-,-,-,-,-
Cundinamarca , Chocontá,25183.0,Mujer,Mayores de Edad (>18 años),-,-,-,-,-,-,-,-
Cundinamarca , Chocontá,25183.0,MUJER,TOTAL,-,-,-,-,-,-,-,-
Cundinamarca , Chocontá,25183.0,Indeterminado,Menores de Edad (<18 años),-,-,-,-,-,-,-,-
Cundinamarca , Chocontá,25183.0,Indeterminado,Mayores de Edad (>18 años),-,-,-,-,-,-,-,-
Cundinamarca , Chocontá,25183.0,INDETERMINADO,TOTAL,-,-,-,-,-,-,-,-
Cundinamarca , Chocontá,25183.0,TOTAL,,-,-,-,2,-,-,-,2
Cundinamarca , Cota,25214.0,Hombre,Menores de Edad (<18 años),-,-,-,-,-,-,-,-
Cundinamarca , Cota,25214.0,Hombre,Mayores de Edad (>18 años),-,-,-,1,-,-,-,1
Cundinamarca , Cota,25214.0,HOMBRE,TOTAL,-,-,-,1,-,-,-,1
Cundinamarca , Cota,25214.0,Mujer,Menores de Edad (<18 años),-,-,-,-,-,-,-,-
Cundinamarca , Cota,25214.0,Mujer,Mayores de Edad (>18 años),-,-,-,-,-,-,-,-
Cundinamarca , Cota,25214.0,MUJER,TOTAL,-,-,-,-,-,-,-,-
Cundinamarca , Cota,25214.0,Indeterminado,Menores de Edad (<18 años),-,-,-,-,-,-,-,-
Cundinamarca , Cota,25214.0,Indeterminado,Mayores de Edad (>18 años),-,-,-,-,-,-,-,-
Cundinamarca , Cota,25214.0,INDETERMINADO,TOTAL,-,-,-,-,-,-,-,-
Cundinamarca , Cota,25214.0,TOTAL,,-,-,-,1,-,-,-,1
Cundinamarca , El Colegio,25245.0,Hombre,Menores de Edad (<18 años),-,-,-,-,-,-,-,-
Cundinamarca , El Colegio,25245.0,Hombre,Mayores de Edad (>18 años),-,-,-,1,-,-,1,2
Cundinamarca , El Colegio,25245.0,HOMBRE,TOTAL,-,-,-,1,-,-,1,2
Cundinamarca , El Colegio,25245.0,Mujer,Menores de Edad (<18 años),-,-,-,-,-,-,-,-
Cundinamarca , El Colegio,25245.0,Mujer,Mayores de Edad (>18 años),-,-,-,-,-,-,-,-
Cundinamarca , El Colegio,25245.0,MUJER,TOTAL,-,-,-,-,-,-,-,-
Cundinamarca , El Colegio,25245.0,Indeterminado,Menores de Edad (<18 años),-,-,-,-,-,-,-,-
Cundinamarca , El Colegio,25245.0,Indeterminado,Mayores de Edad (>18 años),-,-,-,-,-,-,-,-
Cundinamarca , El Colegio,25245.0,INDETERMINADO,TOTAL,-,-,-,-,-,-,-,-
Cundinamarca , El Colegio,25245.0,TOTAL,,-,-,-,1,-,-,1,2
Cundinamarca , El Rosal,25260.0,Hombre,Menores de Edad (<18 años),-,-,-,-,-,-,-,-
Cundinamarca , El Rosal,25260.0,Hombre,Mayores de Edad (>18 años),-,-,-,1,-,-,-,1
Cundinamarca , El Rosal,25260.0,HOMBRE,TOTAL,-,-,-,1,-,-,-,1
Cundinamarca , El Rosal,25260.0,Mujer,Menores de Edad (<18 años),-,-,-,-,-,-,-,-
Cundinamarca , El Rosal,25260.0,Mujer,Mayores de Edad (>18 años),-,-,-,-,-,-,-,-
Cundinamarca , El Rosal,25260.0,MUJER,TOTAL,-,-,-,-,-,-,-,-
Cundinamarca , El Rosal,25260.0,Indeterminado,Menores de Edad (<18 años),-,-,-,-,-,-,-,-
Cundinamarca , El Rosal,25260.0,Indeterminado,Mayores de Edad (>18 años),-,-,-,-,-,-,-,-
Cundinamarca , El Rosal,25260.0,INDETERMINADO,TOTAL,-,-,-,-,-,-,-,-
Cundinamarca , El Rosal,25260.0,TOTAL,,-,-,-,1,-,-,-,1
Cundinamarca , Facatativá,25269.0,Hombre,Menores de Edad (<18 años),-,-,-,1,-,-,-,1
Cundinamarca , Facatativá,25269.0,Hombre,Mayores de Edad (>18 años),-,-,-,8,-,-,-,8
Cundinamarca , Facatativá,25269.0,HOMBRE,TOTAL,-,-,-,9,-,-,-,9
Cundinamarca , Facatativá,25269.0,Mujer,Menores de Edad (<18 años),-,-,-,-,-,-,-,-
Cundinamarca , Facatativá,25269.0,Mujer,Mayores de Edad (>18 años),-,-,-,1,-,-,-,1
Cundinamarca , Facatativá,25269.0,MUJER,TOTAL,-,-,-,1,-,-,-,1
Cundinamarca , Facatativá,25269.0,Indeterminado,Menores de Edad (<18 años),-,-,-,-,-,-,-,-
Cundinamarca , Facatativá,25269.0,Indeterminado,Mayores de Edad (>18 años),-,-,-,-,-,-,-,-
Cundinamarca , Facatativá,25269.0,INDETERMINADO,TOTAL,-,-,-,-,-,-,-,-
Cundinamarca , Facatativá,25269.0,TOTAL,,-,-,-,10,-,-,-,10
Cundinamarca , Fómeque,25279.0,Hombre,Menores de Edad (<18 años),-,-,-,-,-,-,-,-
Cundinamarca , Fómeque,25279.0,Hombre,Mayores de Edad (>18 años),-,-,-,1,-,-,-,1
Cundinamarca , Fómeque,25279.0,HOMBRE,TOTAL,-,-,-,1,-,-,-,1
Cundinamarca , Fómeque,25279.0,Mujer,Menores de Edad (<18 años),-,-,-,-,-,-,-,-
Cundinamarca , Fómeque,25279.0,Mujer,Mayores de Edad (>18 años),-,-,-,-,-,-,-,-
Cundinamarca , Fómeque,25279.0,MUJER,TOTAL,-,-,-,-,-,-,-,-
Cundinamarca , Fómeque,25279.0,Indeterminado,Menores de Edad (<18 años),-,-,-,-,-,-,-,-
Cundinamarca , Fómeque,25279.0,Indeterminado,Mayores de Edad (>18 años),-,-,-,-,-,-,-,-
Cundinamarca , Fómeque,25279.0,INDETERMINADO,TOTAL,-,-,-,-,-,-,-,-
Cundinamarca , Fómeque,25279.0,TOTAL,,-,-,-,1,-,-,-,1
Cundinamarca , Funza,25286.0,Hombre,Menores de Edad (<18 años),-,-,-,-,-,-,-,-
Cundinamarca , Funza,25286.0,Hombre,Mayores de Edad (>18 años),-,-,-,1,-,-,-,1
Cundinamarca , Funza,25286.0,HOMBRE,TOTAL,-,-,-,1,-,-,-,1
Cundinamarca , Funza,25286.0,Mujer,Menores de Edad (<18 años),-,-,-,-,-,-,-,-
Cundinamarca , Funza,25286.0,Mujer,Mayores de Edad (>18 años),-,-,-,-,-,-,-,-
Cundinamarca , Funza,25286.0,MUJER,TOTAL,-,-,-,-,-,-,-,-
Cundinamarca , Funza,25286.0,Indeterminado,Menores de Edad (<18 años),-,-,-,-,-,-,-,-
Cundinamarca , Funza,25286.0,Indeterminado,Mayores de Edad (>18 años),-,-,-,-,-,-,-,-
Cundinamarca , Funza,25286.0,INDETERMINADO,TOTAL,-,-,-,-,-,-,-,-
Cundinamarca , Funza,25286.0,TOTAL,,-,-,-,1,-,-,-,1
Cundinamarca , Fusagasugá,25290.0,Hombre,Menores de Edad (<18 años),-,-,-,2,-,-,-,2
Cundinamarca , Fusagasugá,25290.0,Hombre,Mayores de Edad (>18 años),-,-,-,7,1,-,4,12
Cundinamarca , Fusagasugá,25290.0,HOMBRE,TOTAL,-,-,-,9,1,-,4,14
Cundinamarca , Fusagasugá,25290.0,Mujer,Menores de Edad (<18 años),-,-,-,-,-,-,-,-
Cundinamarca , Fusagasugá,25290.0,Mujer,Mayores de Edad (>18 años),-,1,-,1,-,-,-,2
Cundinamarca , Fusagasugá,25290.0,MUJER,TOTAL,-,1,-,1,-,-,-,2
Cundinamarca , Fusagasugá,25290.0,Indeterminado,Menores de Edad (<18 años),-,-,-,-,-,-,-,-
Cundinamarca , Fusagasugá,25290.0,Indeterminado,Mayores de Edad (>18 años),-,-,-,-,-,-,-,-
Cundinamarca , Fusagasugá,25290.0,INDETERMINADO,TOTAL,-,-,-,-,-,-,-,-
Cundinamarca , Fusagasugá,25290.0,TOTAL,,-,1,-,10,1,-,4,16
Cundinamarca , Gachancipá,25295.0,Hombre,Menores de Edad (<18 años),-,-,-,-,-,-,-,-
Cundinamarca , Gachancipá,25295.0,Hombre,Mayores de Edad (>18 años),-,-,-,-,-,1,-,1
Cundinamarca , Gachancipá,25295.0,HOMBRE,TOTAL,-,-,-,-,-,1,-,1
Cundinamarca , Gachancipá,25295.0,Mujer,Menores de Edad (<18 años),-,-,-,-,-,-,-,-
Cundinamarca , Gachancipá,25295.0,Mujer,Mayores de Edad (>18 años),-,-,-,-,-,-,-,-
Cundinamarca , Gachancipá,25295.0,MUJER,TOTAL,-,-,-,-,-,-,-,-
Cundinamarca , Gachancipá,25295.0,Indeterminado,Menores de Edad (<18 años),-,-,-,-,-,-,-,-
Cundinamarca , Gachancipá,25295.0,Indeterminado,Mayores de Edad (>18 años),-,-,-,-,-,-,-,-
Cundinamarca , Gachancipá,25295.0,INDETERMINADO,TOTAL,-,-,-,-,-,-,-,-
Cundinamarca , Gachancipá,25295.0,TOTAL,,-,-,-,-,-,1,-,1
Cundinamarca , Girardot,25307.0,Hombre,Menores de Edad (<18 años),-,-,-,2,-,-,-,2
Cundinamarca , Girardot,25307.0,Hombre,Mayores de Edad (>18 años),-,-,-,17,-,-,8,25
Cundinamarca , Girardot,25307.0,HOMBRE,TOTAL,-,-,-,19,-,-,8,27
Cundinamarca , Girardot,25307.0,Mujer,Menores de Edad (<18 años),-,-,-,-,-,-,-,-
Cundinamarca , Girardot,25307.0,Mujer,Mayores de Edad (>18 años),-,-,-,-,-,-,2,2
Cundinamarca , Girardot,25307.0,MUJER,TOTAL,-,-,-,-,-,-,2,2
Cundinamarca , Girardot,25307.0,Indeterminado,Menores de Edad (<18 años),-,-,-,-,-,-,-,-
Cundinamarca , Girardot,25307.0,Indeterminado,Mayores de Edad (>18 años),-,-,-,-,-,-,-,-
Cundinamarca , Girardot,25307.0,INDETERMINADO,TOTAL,-,-,-,-,-,-,-,-
Cundinamarca , Girardot,25307.0,TOTAL,,-,-,-,19,-,-,10,29
Cundinamarca , Granada,25312.0,Hombre,Menores de Edad (<18 años),-,-,-,-,-,-,-,-
Cundinamarca , Granada,25312.0,Hombre,Mayores de Edad (>18 años),-,-,-,-,-,-,1,1
Cundinamarca , Granada,25312.0,HOMBRE,TOTAL,-,-,-,-,-,-,1,1
Cundinamarca , Granada,25312.0,Mujer,Menores de Edad (<18 años),-,-,-,-,-,-,-,-
Cundinamarca , Granada,25312.0,Mujer,Mayores de Edad (>18 años),-,-,-,-,-,-,-,-
Cundinamarca , Granada,25312.0,MUJER,TOTAL,-,-,-,-,-,-,-,-
Cundinamarca , Granada,25312.0,Indeterminado,Menores de Edad (<18 años),-,-,-,-,-,-,-,-
Cundinamarca , Granada,25312.0,Indeterminado,Mayores de Edad (>18 años),-,-,-,-,-,-,-,-
Cundinamarca , Granada,25312.0,INDETERMINADO,TOTAL,-,-,-,-,-,-,-,-
Cundinamarca , Granada,25312.0,TOTAL,,-,-,-,-,-,-,1,1
Cundinamarca , Guachetá,25317.0,Hombre,Menores de Edad (<18 años),-,-,-,-,-,-,-,-
Cundinamarca , Guachetá,25317.0,Hombre,Mayores de Edad (>18 años),-,-,-,-,-,1,-,1
Cundinamarca , Guachetá,25317.0,HOMBRE,TOTAL,-,-,-,-,-,1,-,1
Cundinamarca , Guachetá,25317.0,Mujer,Menores de Edad (<18 años),-,-,-,-,-,-,-,-
Cundinamarca , Guachetá,25317.0,Mujer,Mayores de Edad (>18 años),-,-,-,-,-,-,-,-
Cundinamarca , Guachetá,25317.0,MUJER,TOTAL,-,-,-,-,-,-,-,-
Cundinamarca , Guachetá,25317.0,Indeterminado,Menores de Edad (<18 años),-,-,-,-,-,-,-,-
Cundinamarca , Guachetá,25317.0,Indeterminado,Mayores de Edad (>18 años),-,-,-,-,-,-,-,-
Cundinamarca , Guachetá,25317.0,INDETERMINADO,TOTAL,-,-,-,-,-,-,-,-
Cundinamarca , Guachetá,25317.0,TOTAL,,-,-,-,-,-,1,-,1
Cundinamarca , Guaduas,25320.0,Hombre,Menores de Edad (<18 años),-,-,-,-,-,-,-,-
Cundinamarca , Guaduas,25320.0,Hombre,Mayores de Edad (>18 años),-,-,-,3,-,-,2,5
Cundinamarca , Guaduas,25320.0,HOMBRE,TOTAL,-,-,-,3,-,-,2,5
Cundinamarca , Guaduas,25320.0,Mujer,Menores de Edad (<18 años),-,-,-,-,-,-,-,-
Cundinamarca , Guaduas,25320.0,Mujer,Mayores de Edad (>18 años),-,-,-,-,-,-,-,-
Cundinamarca , Guaduas,25320.0,MUJER,TOTAL,-,-,-,-,-,-,-,-
Cundinamarca , Guaduas,25320.0,Indeterminado,Menores de Edad (<18 años),-,-,-,-,-,-,-,-
Cundinamarca , Guaduas,25320.0,Indeterminado,Mayores de Edad (>18 años),-,-,-,-,-,-,-,-
Cundinamarca , Guaduas,25320.0,INDETERMINADO,TOTAL,-,-,-,-,-,-,-,-
Cundinamarca , Guaduas,25320.0,TOTAL,,-,-,-,3,-,-,2,5
Cundinamarca , Guataquí,25324.0,Hombre,Menores de Edad (<18 años),-,-,-,-,-,-,-,-
Cundinamarca , Guataquí,25324.0,Hombre,Mayores de Edad (>18 años),-,-,-,1,-,-,-,1
Cundinamarca , Guataquí,25324.0,HOMBRE,TOTAL,-,-,-,1,-,-,-,1
Cundinamarca , Guataquí,25324.0,Mujer,Menores de Edad (<18 años),-,-,-,-,-,-,-,-
Cundinamarca , Guataquí,25324.0,Mujer,Mayores de Edad (>18 años),-,-,-,-,-,-,-,-
Cundinamarca , Guataquí,25324.0,MUJER,TOTAL,-,-,-,-,-,-,-,-
Cundinamarca , Guataquí,25324.0,Indeterminado,Menores de Edad (<18 años),-,-,-,-,-,-,-,-
Cundinamarca , Guataquí,25324.0,Indeterminado,Mayores de Edad (>18 años),-,-,-,-,-,-,-,-
Cundinamarca , Guataquí,25324.0,INDETERMINADO,TOTAL,-,-,-,-,-,-,-,-
Cundinamarca , Guataquí,25324.0,TOTAL,,-,-,-,1,-,-,-,1
Cundinamarca , Guayabetal,25335.0,Hombre,Menores de Edad (<18 años),-,-,-,-,-,-,-,-
Cundinamarca , Guayabetal,25335.0,Hombre,Mayores de Edad (>18 años),-,-,-,2,-,-,-,2
Cundinamarca , Guayabetal,25335.0,HOMBRE,TOTAL,-,-,-,2,-,-,-,2
Cundinamarca , Guayabetal,25335.0,Mujer,Menores de Edad (<18 años),-,-,-,-,-,-,-,-
Cundinamarca , Guayabetal,25335.0,Mujer,Mayores de Edad (>18 años),-,-,-,1,-,-,-,1
Cundinamarca , Guayabetal,25335.0,MUJER,TOTAL,-,-,-,1,-,-,-,1
Cundinamarca , Guayabetal,25335.0,Indeterminado,Menores de Edad (<18 años),-,-,-,-,-,-,-,-
Cundinamarca , Guayabetal,25335.0,Indeterminado,Mayores de Edad (>18 años),-,-,-,-,-,-,-,-
Cundinamarca , Guayabetal,25335.0,INDETERMINADO,TOTAL,-,-,-,-,-,-,-,-
Cundinamarca , Guayabetal,25335.0,TOTAL,,-,-,-,3,-,-,-,3
Cundinamarca , La Mesa,25386.0,Hombre,Menores de Edad (<18 años),-,-,-,-,-,-,-,-
Cundinamarca , La Mesa,25386.0,Hombre,Mayores de Edad (>18 años),-,-,-,3,-,-,-,3
Cundinamarca , La Mesa,25386.0,HOMBRE,TOTAL,-,-,-,3,-,-,-,3
Cundinamarca , La Mesa,25386.0,Mujer,Menores de Edad (<18 años),-,-,-,-,-,-,-,-
Cundinamarca , La Mesa,25386.0,Mujer,Mayores de Edad (>18 años),-,-,-,-,-,-,-,-
Cundinamarca , La Mesa,25386.0,MUJER,TOTAL,-,-,-,-,-,-,-,-
Cundinamarca , La Mesa,25386.0,Indeterminado,Menores de Edad (<18 años),-,-,-,-,-,-,-,-
Cundinamarca , La Mesa,25386.0,Indeterminado,Mayores de Edad (>18 años),-,-,-,-,-,-,-,-
Cundinamarca , La Mesa,25386.0,INDETERMINADO,TOTAL,-,-,-,-,-,-,-,-
Cundinamarca , La Mesa,25386.0,TOTAL,,-,-,-,3,-,-,-,3
Cundinamarca , La Palma,25394.0,Hombre,Menores de Edad (<18 años),-,-,-,-,-,-,-,-
Cundinamarca , La Palma,25394.0,Hombre,Mayores de Edad (>18 años),-,-,-,-,-,-,1,1
Cundinamarca , La Palma,25394.0,HOMBRE,TOTAL,-,-,-,-,-,-,1,1
Cundinamarca , La Palma,25394.0,Mujer,Menores de Edad (<18 años),-,-,-,-,-,-,-,-
Cundinamarca , La Palma,25394.0,Mujer,Mayores de Edad (>18 años),-,-,-,-,-,-,-,-
Cundinamarca , La Palma,25394.0,MUJER,TOTAL,-,-,-,-,-,-,-,-
Cundinamarca , La Palma,25394.0,Indeterminado,Menores de Edad (<18 años),-,-,-,-,-,-,-,-
Cundinamarca , La Palma,25394.0,Indeterminado,Mayores de Edad (>18 años),-,-,-,-,-,-,-,-
Cundinamarca , La Palma,25394.0,INDETERMINADO,TOTAL,-,-,-,-,-,-,-,-
Cundinamarca , La Palma,25394.0,TOTAL,,-,-,-,-,-,-,1,1
Cundinamarca , La Peña,25398.0,Hombre,Menores de Edad (<18 años),-,-,-,-,-,-,-,-
Cundinamarca , La Peña,25398.0,Hombre,Mayores de Edad (>18 años),-,-,-,2,-,-,-,2
Cundinamarca , La Peña,25398.0,HOMBRE,TOTAL,-,-,-,2,-,-,-,2
Cundinamarca , La Peña,25398.0,Mujer,Menores de Edad (<18 años),-,-,-,-,-,-,-,-
Cundinamarca , La Peña,25398.0,Mujer,Mayores de Edad (>18 años),-,-,-,-,-,-,-,-
Cundinamarca , La Peña,25398.0,MUJER,TOTAL,-,-,-,-,-,-,-,-
Cundinamarca , La Peña,25398.0,Indeterminado,Menores de Edad (<18 años),-,-,-,-,-,-,-,-
Cundinamarca , La Peña,25398.0,Indeterminado,Mayores de Edad (>18 años),-,-,-,-,-,-,-,-
Cundinamarca , La Peña,25398.0,INDETERMINADO,TOTAL,-,-,-,-,-,-,-,-
Cundinamarca , La Peña,25398.0,TOTAL,,-,-,-,2,-,-,-,2
Cundinamarca , La Vega,25402.0,Hombre,Menores de Edad (<18 años),-,-,-,-,-,-,-,-
Cundinamarca , La Vega,25402.0,Hombre,Mayores de Edad (>18 años),-,-,-,1,-,-,-,1
Cundinamarca , La Vega,25402.0,HOMBRE,TOTAL,-,-,-,1,-,-,-,1
Cundinamarca , La Vega,25402.0,Mujer,Menores de Edad (<18 años),-,-,-,-,-,-,-,-
Cundinamarca , La Vega,25402.0,Mujer,Mayores de Edad (>18 años),-,-,-,-,-,-,-,-
Cundinamarca , La Vega,25402.0,MUJER,TOTAL,-,-,-,-,-,-,-,-
Cundinamarca , La Vega,25402.0,Indeterminado,Menores de Edad (<18 años),-,-,-,-,-,-,-,-
Cundinamarca , La Vega,25402.0,Indeterminado,Mayores de Edad (>18 años),-,-,-,-,-,-,-,-
Cundinamarca , La Vega,25402.0,INDETERMINADO,TOTAL,-,-,-,-,-,-,-,-
Cundinamarca , La Vega,25402.0,TOTAL,,-,-,-,1,-,-,-,1
Cundinamarca , Lenguazaque,25407.0,Hombre,Menores de Edad (<18 años),-,-,-,-,-,-,-,-
Cundinamarca , Lenguazaque,25407.0,Hombre,Mayores de Edad (>18 años),-,-,-,1,-,-,-,1
Cundinamarca , Lenguazaque,25407.0,HOMBRE,TOTAL,-,-,-,1,-,-,-,1
Cundinamarca , Lenguazaque,25407.0,Mujer,Menores de Edad (<18 años),-,-,-,-,-,-,-,-
Cundinamarca , Lenguazaque,25407.0,Mujer,Mayores de Edad (>18 años),-,-,-,-,-,-,-,-
Cundinamarca , Lenguazaque,25407.0,MUJER,TOTAL,-,-,-,-,-,-,-,-
Cundinamarca , Lenguazaque,25407.0,Indeterminado,Menores de Edad (<18 años),-,-,-,-,-,-,-,-
Cundinamarca , Lenguazaque,25407.0,Indeterminado,Mayores de Edad (>18 años),-,-,-,-,-,-,-,-
Cundinamarca , Lenguazaque,25407.0,INDETERMINADO,TOTAL,-,-,-,-,-,-,-,-
Cundinamarca , Lenguazaque,25407.0,TOTAL,,-,-,-,1,-,-,-,1
Cundinamarca , Madrid,25430.0,Hombre,Menores de Edad (<18 años),-,-,-,-,-,-,-,-
Cundinamarca , Madrid,25430.0,Hombre,Mayores de Edad (>18 años),-,-,-,6,-,1,2,9
Cundinamarca , Madrid,25430.0,HOMBRE,TOTAL,-,-,-,6,-,1,2,9
Cundinamarca , Madrid,25430.0,Mujer,Menores de Edad (<18 años),-,-,-,-,-,-,-,-
Cundinamarca , Madrid,25430.0,Mujer,Mayores de Edad (>18 años),-,-,-,-,-,-,-,-
Cundinamarca , Madrid,25430.0,MUJER,TOTAL,-,-,-,-,-,-,-,-
Cundinamarca , Madrid,25430.0,Indeterminado,Menores de Edad (<18 años),-,-,-,-,-,-,-,-
Cundinamarca , Madrid,25430.0,Indeterminado,Mayores de Edad (>18 años),-,-,-,-,-,-,-,-
Cundinamarca , Madrid,25430.0,INDETERMINADO,TOTAL,-,-,-,-,-,-,-,-
Cundinamarca , Madrid,25430.0,TOTAL,,-,-,-,6,-,1,2,9
Cundinamarca , Mosquera,25473.0,Hombre,Menores de Edad (<18 años),-,-,-,-,-,-,-,-
Cundinamarca , Mosquera,25473.0,Hombre,Mayores de Edad (>18 años),-,-,-,12,-,-,-,12
Cundinamarca , Mosquera,25473.0,HOMBRE,TOTAL,-,-,-,12,-,-,-,12
Cundinamarca , Mosquera,25473.0,Mujer,Menores de Edad (<18 años),-,-,-,-,-,-,-,-
Cundinamarca , Mosquera,25473.0,Mujer,Mayores de Edad (>18 años),-,-,-,2,-,-,-,2
Cundinamarca , Mosquera,25473.0,MUJER,TOTAL,-,-,-,2,-,-,-,2
Cundinamarca , Mosquera,25473.0,Indeterminado,Menores de Edad (<18 años),-,-,-,-,-,-,-,-
Cundinamarca , Mosquera,25473.0,Indeterminado,Mayores de Edad (>18 años),-,-,-,-,-,-,-,-
Cundinamarca , Mosquera,25473.0,INDETERMINADO,TOTAL,-,-,-,-,-,-,-,-
Cundinamarca , Mosquera,25473.0,TOTAL,,-,-,-,14,-,-,-,14
Cundinamarca , Nocaima,25491.0,Hombre,Menores de Edad (<18 años),-,-,-,-,-,-,-,-
Cundinamarca , Nocaima,25491.0,Hombre,Mayores de Edad (>18 años),-,-,-,-,-,-,1,1
Cundinamarca , Nocaima,25491.0,HOMBRE,TOTAL,-,-,-,-,-,-,1,1
Cundinamarca , Nocaima,25491.0,Mujer,Menores de Edad (<18 años),-,-,-,-,-,-,-,-
Cundinamarca , Nocaima,25491.0,Mujer,Mayores de Edad (>18 años),-,-,-,-,-,-,-,-
Cundinamarca , Nocaima,25491.0,MUJER,TOTAL,-,-,-,-,-,-,-,-
Cundinamarca , Nocaima,25491.0,Indeterminado,Menores de Edad (<18 años),-,-,-,-,-,-,-,-
Cundinamarca , Nocaima,25491.0,Indeterminado,Mayores de Edad (>18 años),-,-,-,-,-,-,-,-
Cundinamarca , Nocaima,25491.0,INDETERMINADO,TOTAL,-,-,-,-,-,-,-,-
Cundinamarca , Nocaima,25491.0,TOTAL,,-,-,-,-,-,-,1,1
Cundinamarca , Pacho,25513.0,Hombre,Menores de Edad (<18 años),-,-,-,-,-,-,-,-
Cundinamarca , Pacho,25513.0,Hombre,Mayores de Edad (>18 años),-,-,-,-,-,-,1,1
Cundinamarca , Pacho,25513.0,HOMBRE,TOTAL,-,-,-,-,-,-,1,1
Cundinamarca , Pacho,25513.0,Mujer,Menores de Edad (<18 años),-,-,-,-,-,-,-,-
Cundinamarca , Pacho,25513.0,Mujer,Mayores de Edad (>18 años),-,-,-,-,-,-,1,1
Cundinamarca , Pacho,25513.0,MUJER,TOTAL,-,-,-,-,-,-,1,1
Cundinamarca , Pacho,25513.0,Indeterminado,Menores de Edad (<18 años),-,-,-,-,-,-,-,-
Cundinamarca , Pacho,25513.0,Indeterminado,Mayores de Edad (>18 años),-,-,-,-,-,-,-,-
Cundinamarca , Pacho,25513.0,INDETERMINADO,TOTAL,-,-,-,-,-,-,-,-
Cundinamarca , Pacho,25513.0,TOTAL,,-,-,-,-,-,-,2,2
Cundinamarca , Pandi,25524.0,Hombre,Menores de Edad (<18 años),-,-,-,-,-,-,-,-
Cundinamarca , Pandi,25524.0,Hombre,Mayores de Edad (>18 años),-,-,-,-,-,-,-,-
Cundinamarca , Pandi,25524.0,HOMBRE,TOTAL,-,-,-,-,-,-,-,-
Cundinamarca , Pandi,25524.0,Mujer,Menores de Edad (<18 años),-,-,-,-,-,-,-,-
Cundinamarca , Pandi,25524.0,Mujer,Mayores de Edad (>18 años),-,-,-,1,-,-,-,1
Cundinamarca , Pandi,25524.0,MUJER,TOTAL,-,-,-,1,-,-,-,1
Cundinamarca , Pandi,25524.0,Indeterminado,Menores de Edad (<18 años),-,-,-,-,-,-,-,-
Cundinamarca , Pandi,25524.0,Indeterminado,Mayores de Edad (>18 años),-,-,-,-,-,-,-,-
Cundinamarca , Pandi,25524.0,INDETERMINADO,TOTAL,-,-,-,-,-,-,-,-
Cundinamarca , Pandi,25524.0,TOTAL,,-,-,-,1,-,-,-,1
Cundinamarca , Paratebueno,25530.0,Hombre,Menores de Edad (<18 años),-,-,-,-,-,-,-,-
Cundinamarca , Paratebueno,25530.0,Hombre,Mayores de Edad (>18 años),-,-,-,1,-,-,-,1
Cundinamarca , Paratebueno,25530.0,HOMBRE,TOTAL,-,-,-,1,-,-,-,1
Cundinamarca , Paratebueno,25530.0,Mujer,Menores de Edad (<18 años),-,-,-,-,-,-,-,-
Cundinamarca , Paratebueno,25530.0,Mujer,Mayores de Edad (>18 años),-,-,-,-,-,-,-,-
Cundinamarca , Paratebueno,25530.0,MUJER,TOTAL,-,-,-,-,-,-,-,-
Cundinamarca , Paratebueno,25530.0,Indeterminado,Menores de Edad (<18 años),-,-,-,-,-,-,-,-
Cundinamarca , Paratebueno,25530.0,Indeterminado,Mayores de Edad (>18 años),-,-,-,-,-,-,-,-
Cundinamarca , Paratebueno,25530.0,INDETERMINADO,TOTAL,-,-,-,-,-,-,-,-
Cundinamarca , Paratebueno,25530.0,TOTAL,,-,-,-,1,-,-,-,1
Cundinamarca , Pasca,25535.0,Hombre,Menores de Edad (<18 años),-,-,-,-,-,-,-,-
Cundinamarca , Pasca,25535.0,Hombre,Mayores de Edad (>18 años),-,-,-,2,-,-,-,2
Cundinamarca , Pasca,25535.0,HOMBRE,TOTAL,-,-,-,2,-,-,-,2
Cundinamarca , Pasca,25535.0,Mujer,Menores de Edad (<18 años),-,-,-,-,-,-,-,-
Cundinamarca , Pasca,25535.0,Mujer,Mayores de Edad (>18 años),-,-,-,-,-,-,-,-
Cundinamarca , Pasca,25535.0,MUJER,TOTAL,-,-,-,-,-,-,-,-
Cundinamarca , Pasca,25535.0,Indeterminado,Menores de Edad (<18 años),-,-,-,-,-,-,-,-
Cundinamarca , Pasca,25535.0,Indeterminado,Mayores de Edad (>18 años),-,-,-,-,-,-,-,-
Cundinamarca , Pasca,25535.0,INDETERMINADO,TOTAL,-,-,-,-,-,-,-,-
Cundinamarca , Pasca,25535.0,TOTAL,,-,-,-,2,-,-,-,2
Cundinamarca , Puerto Salgar,25572.0,Hombre,Menores de Edad (<18 años),-,-,-,-,-,-,-,-
Cundinamarca , Puerto Salgar,25572.0,Hombre,Mayores de Edad (>18 años),-,-,-,2,-,-,-,2
Cundinamarca , Puerto Salgar,25572.0,HOMBRE,TOTAL,-,-,-,2,-,-,-,2
Cundinamarca , Puerto Salgar,25572.0,Mujer,Menores de Edad (<18 años),-,-,-,-,-,-,-,-
Cundinamarca , Puerto Salgar,25572.0,Mujer,Mayores de Edad (>18 años),-,-,-,-,-,-,-,-
Cundinamarca , Puerto Salgar,25572.0,MUJER,TOTAL,-,-,-,-,-,-,-,-
Cundinamarca , Puerto Salgar,25572.0,Indeterminado,Menores de Edad (<18 años),-,-,-,-,-,-,-,-
Cundinamarca , Puerto Salgar,25572.0,Indeterminado,Mayores de Edad (>18 años),-,-,-,-,-,-,-,-
Cundinamarca , Puerto Salgar,25572.0,INDETERMINADO,TOTAL,-,-,-,-,-,-,-,-
Cundinamarca , Puerto Salgar,25572.0,TOTAL,,-,-,-,2,-,-,-,2
Cundinamarca , Quebradanegra,25592.0,Hombre,Menores de Edad (<18 años),-,-,-,-,-,-,-,-
Cundinamarca , Quebradanegra,25592.0,Hombre,Mayores de Edad (>18 años),-,-,-,-,-,-,2,2
Cundinamarca , Quebradanegra,25592.0,HOMBRE,TOTAL,-,-,-,-,-,-,2,2
Cundinamarca , Quebradanegra,25592.0,Mujer,Menores de Edad (<18 años),-,-,-,-,-,-,-,-
Cundinamarca , Quebradanegra,25592.0,Mujer,Mayores de Edad (>18 años),-,-,-,-,-,-,-,-
Cundinamarca , Quebradanegra,25592.0,MUJER,TOTAL,-,-,-,-,-,-,-,-
Cundinamarca , Quebradanegra,25592.0,Indeterminado,Menores de Edad (<18 años),-,-,-,-,-,-,-,-
Cundinamarca , Quebradanegra,25592.0,Indeterminado,Mayores de Edad (>18 años),-,-,-,-,-,-,-,-
Cundinamarca , Quebradanegra,25592.0,INDETERMINADO,TOTAL,-,-,-,-,-,-,-,-
Cundinamarca , Quebradanegra,25592.0,TOTAL,,-,-,-,-,-,-,2,2
Cundinamarca , Quetame,25594.0,Hombre,Menores de Edad (<18 años),-,-,-,-,-,-,-,-
Cundinamarca , Quetame,25594.0,Hombre,Mayores de Edad (>18 años),-,-,-,-,-,-,-,-
Cundinamarca , Quetame,25594.0,HOMBRE,TOTAL,-,-,-,-,-,-,-,-
Cundinamarca , Quetame,25594.0,Mujer,Menores de Edad (<18 años),-,-,-,-,-,-,-,-
Cundinamarca , Quetame,25594.0,Mujer,Mayores de Edad (>18 años),-,-,-,1,-,-,-,1
Cundinamarca , Quetame,25594.0,MUJER,TOTAL,-,-,-,1,-,-,-,1
Cundinamarca , Quetame,25594.0,Indeterminado,Menores de Edad (<18 años),-,-,-,-,-,-,-,-
Cundinamarca , Quetame,25594.0,Indeterminado,Mayores de Edad (>18 años),-,-,-,-,-,-,-,-
Cundinamarca , Quetame,25594.0,INDETERMINADO,TOTAL,-,-,-,-,-,-,-,-
Cundinamarca , Quetame,25594.0,TOTAL,,-,-,-,1,-,-,-,1
Cundinamarca , Ricaurte,25612.0,Hombre,Menores de Edad (<18 años),-,-,-,-,-,-,-,-
Cundinamarca , Ricaurte,25612.0,Hombre,Mayores de Edad (>18 años),-,-,-,1,-,-,-,1
Cundinamarca , Ricaurte,25612.0,HOMBRE,TOTAL,-,-,-,1,-,-,-,1
Cundinamarca , Ricaurte,25612.0,Mujer,Menores de Edad (<18 años),-,-,-,-,-,-,-,-
Cundinamarca , Ricaurte,25612.0,Mujer,Mayores de Edad (>18 años),-,-,-,-,-,-,-,-
Cundinamarca , Ricaurte,25612.0,MUJER,TOTAL,-,-,-,-,-,-,-,-
Cundinamarca , Ricaurte,25612.0,Indeterminado,Menores de Edad (<18 años),-,-,-,-,-,-,-,-
Cundinamarca , Ricaurte,25612.0,Indeterminado,Mayores de Edad (>18 años),-,-,-,-,-,-,-,-
Cundinamarca , Ricaurte,25612.0,INDETERMINADO,TOTAL,-,-,-,-,-,-,-,-
Cundinamarca , Ricaurte,25612.0,TOTAL,,-,-,-,1,-,-,-,1
Cundinamarca , San Francisco,25658.0,Hombre,Menores de Edad (<18 años),-,-,-,-,-,-,-,-
Cundinamarca , San Francisco,25658.0,Hombre,Mayores de Edad (>18 años),-,-,-,-,-,-,-,-
Cundinamarca , San Francisco,25658.0,HOMBRE,TOTAL,-,-,-,-,-,-,-,-
Cundinamarca , San Francisco,25658.0,Mujer,Menores de Edad (<18 años),-,-,-,-,-,-,-,-
Cundinamarca , San Francisco,25658.0,Mujer,Mayores de Edad (>18 años),-,-,-,1,-,-,-,1
Cundinamarca , San Francisco,25658.0,MUJER,TOTAL,-,-,-,1,-,-,-,1
Cundinamarca , San Francisco,25658.0,Indeterminado,Menores de Edad (<18 años),-,-,-,-,-,-,-,-
Cundinamarca , San Francisco,25658.0,Indeterminado,Mayores de Edad (>18 años),-,-,-,-,-,-,-,-
Cundinamarca , San Francisco,25658.0,INDETERMINADO,TOTAL,-,-,-,-,-,-,-,-
Cundinamarca , San Francisco,25658.0,TOTAL,,-,-,-,1,-,-,-,1
Cundinamarca , Sasaima,25718.0,Hombre,Menores de Edad (<18 años),-,-,-,-,-,-,-,-
Cundinamarca , Sasaima,25718.0,Hombre,Mayores de Edad (>18 años),-,-,-,1,-,-,2,3
Cundinamarca , Sasaima,25718.0,HOMBRE,TOTAL,-,-,-,1,-,-,2,3
Cundinamarca , Sasaima,25718.0,Mujer,Menores de Edad (<18 años),-,-,-,-,-,-,-,-
Cundinamarca , Sasaima,25718.0,Mujer,Mayores de Edad (>18 años),-,-,-,-,-,-,-,-
Cundinamarca , Sasaima,25718.0,MUJER,TOTAL,-,-,-,-,-,-,-,-
Cundinamarca , Sasaima,25718.0,Indeterminado,Menores de Edad (<18 años),-,-,-,-,-,-,-,-
Cundinamarca , Sasaima,25718.0,Indeterminado,Mayores de Edad (>18 años),-,-,-,-,-,-,-,-
Cundinamarca , Sasaima,25718.0,INDETERMINADO,TOTAL,-,-,-,-,-,-,-,-
Cundinamarca , Sasaima,25718.0,TOTAL,,-,-,-,1,-,-,2,3
Cundinamarca , Sesquilé,25736.0,Hombre,Menores de Edad (<18 años),-,-,-,-,-,-,-,-
Cundinamarca , Sesquilé,25736.0,Hombre,Mayores de Edad (>18 años),-,-,-,1,-,-,-,1
Cundinamarca , Sesquilé,25736.0,HOMBRE,TOTAL,-,-,-,1,-,-,-,1
Cundinamarca , Sesquilé,25736.0,Mujer,Menores de Edad (<18 años),-,-,-,-,-,-,-,-
Cundinamarca , Sesquilé,25736.0,Mujer,Mayores de Edad (>18 años),-,-,-,-,-,-,-,-
Cundinamarca , Sesquilé,25736.0,MUJER,TOTAL,-,-,-,-,-,-,-,-
Cundinamarca , Sesquilé,25736.0,Indeterminado,Menores de Edad (<18 años),-,-,-,-,-,-,-,-
Cundinamarca , Sesquilé,25736.0,Indeterminado,Mayores de Edad (>18 años),-,-,-,-,-,-,-,-
Cundinamarca , Sesquilé,25736.0,INDETERMINADO,TOTAL,-,-,-,-,-,-,-,-
Cundinamarca , Sesquilé,25736.0,TOTAL,,-,-,-,1,-,-,-,1
Cundinamarca , Sibaté,25740.0,Hombre,Menores de Edad (<18 años),-,-,-,-,-,-,-,-
Cundinamarca , Sibaté,25740.0,Hombre,Mayores de Edad (>18 años),-,-,-,4,-,-,1,5
Cundinamarca , Sibaté,25740.0,HOMBRE,TOTAL,-,-,-,4,-,-,1,5
Cundinamarca , Sibaté,25740.0,Mujer,Menores de Edad (<18 años),-,-,-,-,-,-,-,-
Cundinamarca , Sibaté,25740.0,Mujer,Mayores de Edad (>18 años),-,-,-,-,-,-,1,1
Cundinamarca , Sibaté,25740.0,MUJER,TOTAL,-,-,-,-,-,-,1,1
Cundinamarca , Sibaté,25740.0,Indeterminado,Menores de Edad (<18 años),-,-,-,-,-,-,-,-
Cundinamarca , Sibaté,25740.0,Indeterminado,Mayores de Edad (>18 años),-,-,-,-,-,-,-,-
Cundinamarca , Sibaté,25740.0,INDETERMINADO,TOTAL,-,-,-,-,-,-,-,-
Cundinamarca , Sibaté,25740.0,TOTAL,,-,-,-,4,-,-,2,6
Cundinamarca , Silvania,25743.0,Hombre,Menores de Edad (<18 años),-,-,-,-,-,-,-,-
Cundinamarca , Silvania,25743.0,Hombre,Mayores de Edad (>18 años),-,-,-,3,-,-,-,3
Cundinamarca , Silvania,25743.0,HOMBRE,TOTAL,-,-,-,3,-,-,-,3
Cundinamarca , Silvania,25743.0,Mujer,Menores de Edad (<18 años),-,-,-,-,-,-,-,-
Cundinamarca , Silvania,25743.0,Mujer,Mayores de Edad (>18 años),-,-,-,-,-,-,-,-
Cundinamarca , Silvania,25743.0,MUJER,TOTAL,-,-,-,-,-,-,-,-
Cundinamarca , Silvania,25743.0,Indeterminado,Menores de Edad (<18 años),-,-,-,-,-,-,-,-
Cundinamarca , Silvania,25743.0,Indeterminado,Mayores de Edad (>18 años),-,-,-,-,-,-,-,-
Cundinamarca , Silvania,25743.0,INDETERMINADO,TOTAL,-,-,-,-,-,-,-,-
Cundinamarca , Silvania,25743.0,TOTAL,,-,-,-,3,-,-,-,3
Cundinamarca , Simijaca,25745.0,Hombre,Menores de Edad (<18 años),-,-,-,-,-,-,-,-
Cundinamarca , Simijaca,25745.0,Hombre,Mayores de Edad (>18 años),-,-,-,1,-,-,-,1
Cundinamarca , Simijaca,25745.0,HOMBRE,TOTAL,-,-,-,1,-,-,-,1
Cundinamarca , Simijaca,25745.0,Mujer,Menores de Edad (<18 años),-,-,-,-,-,-,-,-
Cundinamarca , Simijaca,25745.0,Mujer,Mayores de Edad (>18 años),-,-,-,-,-,-,-,-
Cundinamarca , Simijaca,25745.0,MUJER,TOTAL,-,-,-,-,-,-,-,-
Cundinamarca , Simijaca,25745.0,Indeterminado,Menores de Edad (<18 años),-,-,-,-,-,-,-,-
Cundinamarca , Simijaca,25745.0,Indeterminado,Mayores de Edad (>18 años),-,-,-,-,-,-,-,-
Cundinamarca , Simijaca,25745.0,INDETERMINADO,TOTAL,-,-,-,-,-,-,-,-
Cundinamarca , Simijaca,25745.0,TOTAL,,-,-,-,1,-,-,-,1
Cundinamarca , Soacha,25754.0,Hombre,Menores de Edad (<18 años),-,-,-,12,-,-,2,14
Cundinamarca , Soacha,25754.0,Hombre,Mayores de Edad (>18 años),-,3,1,85,2,2,26,119
Cundinamarca , Soacha,25754.0,HOMBRE,TOTAL,-,3,1,97,2,2,28,133
Cundinamarca , Soacha,25754.0,Mujer,Menores de Edad (<18 años),-,-,-,1,-,-,1,2
Cundinamarca , Soacha,25754.0,Mujer,Mayores de Edad (>18 años),-,1,-,9,-,1,2,13
Cundinamarca , Soacha,25754.0,MUJER,TOTAL,-,1,-,10,-,1,3,15
Cundinamarca , Soacha,25754.0,Indeterminado,Menores de Edad (<18 años),-,-,-,-,-,-,-,-
Cundinamarca , Soacha,25754.0,Indeterminado,Mayores de Edad (>18 años),-,-,-,-,-,-,-,-
Cundinamarca , Soacha,25754.0,INDETERMINADO,TOTAL,-,-,-,-,-,-,-,-
Cundinamarca , Soacha,25754.0,TOTAL,,-,4,1,107,2,3,31,148
Cundinamarca , Sopó,25758.0,Hombre,Menores de Edad (<18 años),-,-,-,-,-,-,-,-
Cundinamarca , Sopó,25758.0,Hombre,Mayores de Edad (>18 años),-,-,-,-,-,-,-,-
Cundinamarca , Sopó,25758.0,HOMBRE,TOTAL,-,-,-,-,-,-,-,-
Cundinamarca , Sopó,25758.0,Mujer,Menores de Edad (<18 años),-,-,-,-,-,-,-,-
Cundinamarca , Sopó,25758.0,Mujer,Mayores de Edad (>18 años),-,-,-,1,-,-,-,1
Cundinamarca , Sopó,25758.0,MUJER,TOTAL,-,-,-,1,-,-,-,1
Cundinamarca , Sopó,25758.0,Indeterminado,Menores de Edad (<18 años),-,-,-,-,-,-,-,-
Cundinamarca , Sopó,25758.0,Indeterminado,Mayores de Edad (>18 años),-,-,-,-,-,-,-,-
Cundinamarca , Sopó,25758.0,INDETERMINADO,TOTAL,-,-,-,-,-,-,-,-
Cundinamarca , Sopó,25758.0,TOTAL,,-,-,-,1,-,-,-,1
Cundinamarca , Subachoque,25769.0,Hombre,Menores de Edad (<18 años),-,-,-,-,-,-,-,-
Cundinamarca , Subachoque,25769.0,Hombre,Mayores de Edad (>18 años),-,-,-,1,-,-,-,1
Cundinamarca , Subachoque,25769.0,HOMBRE,TOTAL,-,-,-,1,-,-,-,1
Cundinamarca , Subachoque,25769.0,Mujer,Menores de Edad (<18 años),-,-,-,-,-,-,-,-
Cundinamarca , Subachoque,25769.0,Mujer,Mayores de Edad (>18 años),-,-,-,1,-,-,-,1
Cundinamarca , Subachoque,25769.0,MUJER,TOTAL,-,-,-,1,-,-,-,1
Cundinamarca , Subachoque,25769.0,Indeterminado,Menores de Edad (<18 años),-,-,-,-,-,-,-,-
Cundinamarca , Subachoque,25769.0,Indeterminado,Mayores de Edad (>18 años),-,-,-,-,-,-,-,-
Cundinamarca , Subachoque,25769.0,INDETERMINADO,TOTAL,-,-,-,-,-,-,-,-
Cundinamarca , Subachoque,25769.0,TOTAL,,-,-,-,2,-,-,-,2
Cundinamarca , Suesca,25772.0,Hombre,Menores de Edad (<18 años),-,-,-,-,-,-,-,-
Cundinamarca , Suesca,25772.0,Hombre,Mayores de Edad (>18 años),-,-,-,2,-,-,-,2
Cundinamarca , Suesca,25772.0,HOMBRE,TOTAL,-,-,-,2,-,-,-,2
Cundinamarca , Suesca,25772.0,Mujer,Menores de Edad (<18 años),-,-,-,-,-,-,-,-
Cundinamarca , Suesca,25772.0,Mujer,Mayores de Edad (>18 años),-,-,-,-,-,-,-,-
Cundinamarca , Suesca,25772.0,MUJER,TOTAL,-,-,-,-,-,-,-,-
Cundinamarca , Suesca,25772.0,Indeterminado,Menores de Edad (<18 años),-,-,-,-,-,-,-,-
Cundinamarca , Suesca,25772.0,Indeterminado,Mayores de Edad (>18 años),-,-,-,-,-,-,-,-
Cundinamarca , Suesca,25772.0,INDETERMINADO,TOTAL,-,-,-,-,-,-,-,-
Cundinamarca , Suesca,25772.0,TOTAL,,-,-,-,2,-,-,-,2
Cundinamarca , Tenjo,25799.0,Hombre,Menores de Edad (<18 años),-,-,-,-,-,-,-,-
Cundinamarca , Tenjo,25799.0,Hombre,Mayores de Edad (>18 años),-,-,-,-,-,-,-,-
Cundinamarca , Tenjo,25799.0,HOMBRE,TOTAL,-,-,-,-,-,-,-,-
Cundinamarca , Tenjo,25799.0,Mujer,Menores de Edad (<18 años),-,-,-,-,-,-,-,-
Cundinamarca , Tenjo,25799.0,Mujer,Mayores de Edad (>18 años),-,-,-,1,-,-,-,1
Cundinamarca , Tenjo,25799.0,MUJER,TOTAL,-,-,-,1,-,-,-,1
Cundinamarca , Tenjo,25799.0,Indeterminado,Menores de Edad (<18 años),-,-,-,-,-,-,-,-
Cundinamarca , Tenjo,25799.0,Indeterminado,Mayores de Edad (>18 años),-,-,-,-,-,-,-,-
Cundinamarca , Tenjo,25799.0,INDETERMINADO,TOTAL,-,-,-,-,-,-,-,-
Cundinamarca , Tenjo,25799.0,TOTAL,,-,-,-,1,-,-,-,1
Cundinamarca , Tibacuy,25805.0,Hombre,Menores de Edad (<18 años),-,-,-,-,-,-,-,-
Cundinamarca , Tibacuy,25805.0,Hombre,Mayores de Edad (>18 años),-,-,-,1,-,-,-,1
Cundinamarca , Tibacuy,25805.0,HOMBRE,TOTAL,-,-,-,1,-,-,-,1
Cundinamarca , Tibacuy,25805.0,Mujer,Menores de Edad (<18 años),-,-,-,-,-,-,-,-
Cundinamarca , Tibacuy,25805.0,Mujer,Mayores de Edad (>18 años),-,-,-,-,-,-,-,-
Cundinamarca , Tibacuy,25805.0,MUJER,TOTAL,-,-,-,-,-,-,-,-
Cundinamarca , Tibacuy,25805.0,Indeterminado,Menores de Edad (<18 años),-,-,-,-,-,-,-,-
Cundinamarca , Tibacuy,25805.0,Indeterminado,Mayores de Edad (>18 años),-,-,-,-,-,-,-,-
Cundinamarca , Tibacuy,25805.0,INDETERMINADO,TOTAL,-,-,-,-,-,-,-,-
Cundinamarca , Tibacuy,25805.0,TOTAL,,-,-,-,1,-,-,-,1
Cundinamarca , Tibirita,25807.0,Hombre,Menores de Edad (<18 años),-,-,-,-,-,-,-,-
Cundinamarca , Tibirita,25807.0,Hombre,Mayores de Edad (>18 años),-,-,-,1,-,-,-,1
Cundinamarca , Tibirita,25807.0,HOMBRE,TOTAL,-,-,-,1,-,-,-,1
Cundinamarca , Tibirita,25807.0,Mujer,Menores de Edad (<18 años),-,-,-,-,-,-,-,-
Cundinamarca , Tibirita,25807.0,Mujer,Mayores de Edad (>18 años),-,-,-,-,-,-,-,-
Cundinamarca , Tibirita,25807.0,MUJER,TOTAL,-,-,-,-,-,-,-,-
Cundinamarca , Tibirita,25807.0,Indeterminado,Menores de Edad (<18 años),-,-,-,-,-,-,-,-
Cundinamarca , Tibirita,25807.0,Indeterminado,Mayores de Edad (>18 años),-,-,-,-,-,-,-,-
Cundinamarca , Tibirita,25807.0,INDETERMINADO,TOTAL,-,-,-,-,-,-,-,-
Cundinamarca , Tibirita,25807.0,TOTAL,,-,-,-,1,-,-,-,1
Cundinamarca , Tocaima,25815.0,Hombre,Menores de Edad (<18 años),-,-,-,-,-,-,-,-
Cundinamarca , Tocaima,25815.0,Hombre,Mayores de Edad (>18 años),-,-,-,1,-,-,-,1
Cundinamarca , Tocaima,25815.0,HOMBRE,TOTAL,-,-,-,1,-,-,-,1
Cundinamarca , Tocaima,25815.0,Mujer,Menores de Edad (<18 años),-,-,-,-,-,-,-,-
Cundinamarca , Tocaima,25815.0,Mujer,Mayores de Edad (>18 años),-,-,-,-,-,-,-,-
Cundinamarca , Tocaima,25815.0,MUJER,TOTAL,-,-,-,-,-,-,-,-
Cundinamarca , Tocaima,25815.0,Indeterminado,Menores de Edad (<18 años),-,-,-,-,-,-,-,-
Cundinamarca , Tocaima,25815.0,Indeterminado,Mayores de Edad (>18 años),-,-,-,-,-,-,-,-
Cundinamarca , Tocaima,25815.0,INDETERMINADO,TOTAL,-,-,-,-,-,-,-,-
Cundinamarca , Tocaima,25815.0,TOTAL,,-,-,-,1,-,-,-,1
Cundinamarca , Tocancipá,25817.0,Hombre,Menores de Edad (<18 años),-,-,-,1,-,-,-,1
Cundinamarca , Tocancipá,25817.0,Hombre,Mayores de Edad (>18 años),-,-,-,1,-,-,-,1
Cundinamarca , Tocancipá,25817.0,HOMBRE,TOTAL,-,-,-,2,-,-,-,2
Cundinamarca , Tocancipá,25817.0,Mujer,Menores de Edad (<18 años),-,-,-,-,-,-,-,-
Cundinamarca , Tocancipá,25817.0,Mujer,Mayores de Edad (>18 años),-,-,-,-,-,-,-,-
Cundinamarca , Tocancipá,25817.0,MUJER,TOTAL,-,-,-,-,-,-,-,-
Cundinamarca , Tocancipá,25817.0,Indeterminado,Menores de Edad (<18 años),-,-,-,-,-,-,-,-
Cundinamarca , Tocancipá,25817.0,Indeterminado,Mayores de Edad (>18 años),-,-,-,-,-,-,-,-
Cundinamarca , Tocancipá,25817.0,INDETERMINADO,TOTAL,-,-,-,-,-,-,-,-
Cundinamarca , Tocancipá,25817.0,TOTAL,,-,-,-,2,-,-,-,2
Cundinamarca , Vergara,25862.0,Hombre,Menores de Edad (<18 años),-,-,-,-,-,-,-,-
Cundinamarca , Vergara,25862.0,Hombre,Mayores de Edad (>18 años),-,-,-,1,-,-,-,1
Cundinamarca , Vergara,25862.0,HOMBRE,TOTAL,-,-,-,1,-,-,-,1
Cundinamarca , Vergara,25862.0,Mujer,Menores de Edad (<18 años),-,-,-,-,-,-,-,-
Cundinamarca , Vergara,25862.0,Mujer,Mayores de Edad (>18 años),-,-,-,-,-,-,-,-
Cundinamarca , Vergara,25862.0,MUJER,TOTAL,-,-,-,-,-,-,-,-
Cundinamarca , Vergara,25862.0,Indeterminado,Menores de Edad (<18 años),-,-,-,-,-,-,-,-
Cundinamarca , Vergara,25862.0,Indeterminado,Mayores de Edad (>18 años),-,-,-,-,-,-,-,-
Cundinamarca , Vergara,25862.0,INDETERMINADO,TOTAL,-,-,-,-,-,-,-,-
Cundinamarca , Vergara,25862.0,TOTAL,,-,-,-,1,-,-,-,1
Cundinamarca , Vianí,25867.0,Hombre,Menores de Edad (<18 años),-,-,-,-,-,-,-,-
Cundinamarca , Vianí,25867.0,Hombre,Mayores de Edad (>18 años),-,-,-,-,-,-,-,-
Cundinamarca , Vianí,25867.0,HOMBRE,TOTAL,-,-,-,-,-,-,-,-
Cundinamarca , Vianí,25867.0,Mujer,Menores de Edad (<18 años),-,-,-,-,-,-,-,-
Cundinamarca , Vianí,25867.0,Mujer,Mayores de Edad (>18 años),-,-,-,1,-,-,-,1
Cundinamarca , Vianí,25867.0,MUJER,TOTAL,-,-,-,1,-,-,-,1
Cundinamarca , Vianí,25867.0,Indeterminado,Menores de Edad (<18 años),-,-,-,-,-,-,-,-
Cundinamarca , Vianí,25867.0,Indeterminado,Mayores de Edad (>18 años),-,-,-,-,-,-,-,-
Cundinamarca , Vianí,25867.0,INDETERMINADO,TOTAL,-,-,-,-,-,-,-,-
Cundinamarca , Vianí,25867.0,TOTAL,,-,-,-,1,-,-,-,1
Cundinamarca , Villa de San Diego de Ubaté,25843.0,Hombre,Menores de Edad (<18 años),-,1,-,-,-,-,-,1
Cundinamarca , Villa de San Diego de Ubaté,25843.0,Hombre,Mayores de Edad (>18 años),-,4,-,2,-,-,-,6
Cundinamarca , Villa de San Diego de Ubaté,25843.0,HOMBRE,TOTAL,-,5,-,2,-,-,-,7
Cundinamarca , Villa de San Diego de Ubaté,25843.0,Mujer,Menores de Edad (<18 años),-,-,-,-,-,-,-,-
Cundinamarca , Villa de San Diego de Ubaté,25843.0,Mujer,Mayores de Edad (>18 años),-,-,-,-,-,-,-,-
Cundinamarca , Villa de San Diego de Ubaté,25843.0,MUJER,TOTAL,-,-,-,-,-,-,-,-
Cundinamarca , Villa de San Diego de Ubaté,25843.0,Indeterminado,Menores de Edad (<18 años),-,-,-,-,-,-,-,-
Cundinamarca , Villa de San Diego de Ubaté,25843.0,Indeterminado,Mayores de Edad (>18 años),-,-,-,-,-,-,-,-
Cundinamarca , Villa de San Diego de Ubaté,25843.0,INDETERMINADO,TOTAL,-,-,-,-,-,-,-,-
Cundinamarca , Villa de San Diego de Ubaté,25843.0,TOTAL,,-,5,-,2,-,-,-,7
Cundinamarca , Villagómez,25871.0,Hombre,Menores de Edad (<18 años),-,-,-,-,-,-,-,-
Cundinamarca , Villagómez,25871.0,Hombre,Mayores de Edad (>18 años),-,-,-,-,-,-,1,1
Cundinamarca , Villagómez,25871.0,HOMBRE,TOTAL,-,-,-,-,-,-,1,1
Cundinamarca , Villagómez,25871.0,Mujer,Menores de Edad (<18 años),-,-,-,-,-,-,-,-
Cundinamarca , Villagómez,25871.0,Mujer,Mayores de Edad (>18 años),-,-,-,-,-,-,-,-
Cundinamarca , Villagómez,25871.0,MUJER,TOTAL,-,-,-,-,-,-,-,-
Cundinamarca , Villagómez,25871.0,Indeterminado,Menores de Edad (<18 años),-,-,-,-,-,-,-,-
Cundinamarca , Villagómez,25871.0,Indeterminado,Mayores de Edad (>18 años),-,-,-,-,-,-,-,-
Cundinamarca , Villagómez,25871.0,INDETERMINADO,TOTAL,-,-,-,-,-,-,-,-
Cundinamarca , Villagómez,25871.0,TOTAL,,-,-,-,-,-,-,1,1
Cundinamarca , Villapinzón,25873.0,Hombre,Menores de Edad (<18 años),-,-,-,-,-,-,-,-
Cundinamarca , Villapinzón,25873.0,Hombre,Mayores de Edad (>18 años),-,-,-,1,-,-,-,1
Cundinamarca , Villapinzón,25873.0,HOMBRE,TOTAL,-,-,-,1,-,-,-,1
Cundinamarca , Villapinzón,25873.0,Mujer,Menores de Edad (<18 años),-,-,-,-,-,-,-,-
Cundinamarca , Villapinzón,25873.0,Mujer,Mayores de Edad (>18 años),-,-,-,-,-,-,-,-
Cundinamarca , Villapinzón,25873.0,MUJER,TOTAL,-,-,-,-,-,-,-,-
Cundinamarca , Villapinzón,25873.0,Indeterminado,Menores de Edad (<18 años),-,-,-,-,-,-,-,-
Cundinamarca , Villapinzón,25873.0,Indeterminado,Mayores de Edad (>18 años),-,-,-,-,-,-,-,-
Cundinamarca , Villapinzón,25873.0,INDETERMINADO,TOTAL,-,-,-,-,-,-,-,-
Cundinamarca , Villapinzón,25873.0,TOTAL,,-,-,-,1,-,-,-,1
Cundinamarca , Villeta,25875.0,Hombre,Menores de Edad (<18 años),-,-,-,-,-,-,-,-
Cundinamarca , Villeta,25875.0,Hombre,Mayores de Edad (>18 años),-,-,-,3,-,-,-,3
Cundinamarca , Villeta,25875.0,HOMBRE,TOTAL,-,-,-,3,-,-,-,3
Cundinamarca , Villeta,25875.0,Mujer,Menores de Edad (<18 años),-,-,-,-,-,-,-,-
Cundinamarca , Villeta,25875.0,Mujer,Mayores de Edad (>18 años),-,-,-,1,-,-,-,1
Cundinamarca , Villeta,25875.0,MUJER,TOTAL,-,-,-,1,-,-,-,1
Cundinamarca , Villeta,25875.0,Indeterminado,Menores de Edad (<18 años),-,-,-,-,-,-,-,-
Cundinamarca , Villeta,25875.0,Indeterminado,Mayores de Edad (>18 años),-,-,-,-,-,-,-,-
Cundinamarca , Villeta,25875.0,INDETERMINADO,TOTAL,-,-,-,-,-,-,-,-
Cundinamarca , Villeta,25875.0,TOTAL,,-,-,-,4,-,-,-,4
Cundinamarca , Viotá,25878.0,Hombre,Menores de Edad (<18 años),-,-,-,-,-,-,-,-
Cundinamarca , Viotá,25878.0,Hombre,Mayores de Edad (>18 años),-,-,-,1,-,-,-,1
Cundinamarca , Viotá,25878.0,HOMBRE,TOTAL,-,-,-,1,-,-,-,1
Cundinamarca , Viotá,25878.0,Mujer,Menores de Edad (<18 años),-,-,-,-,-,-,-,-
Cundinamarca , Viotá,25878.0,Mujer,Mayores de Edad (>18 años),-,-,-,-,-,-,-,-
Cundinamarca , Viotá,25878.0,MUJER,TOTAL,-,-,-,-,-,-,-,-
Cundinamarca , Viotá,25878.0,Indeterminado,Menores de Edad (<18 años),-,-,-,-,-,-,-,-
Cundinamarca , Viotá,25878.0,Indeterminado,Mayores de Edad (>18 años),-,-,-,-,-,-,-,-
Cundinamarca , Viotá,25878.0,INDETERMINADO,TOTAL,-,-,-,-,-,-,-,-
Cundinamarca , Viotá,25878.0,TOTAL,,-,-,-,1,-,-,-,1
Cundinamarca , Yacopí,25885.0,Hombre,Menores de Edad (<18 años),-,-,-,-,-,-,-,-
Cundinamarca , Yacopí,25885.0,Hombre,Mayores de Edad (>18 años),-,-,-,1,-,-,1,2
Cundinamarca , Yacopí,25885.0,HOMBRE,TOTAL,-,-,-,1,-,-,1,2
Cundinamarca , Yacopí,25885.0,Mujer,Menores de Edad (<18 años),-,-,-,-,-,-,-,-
Cundinamarca , Yacopí,25885.0,Mujer,Mayores de Edad (>18 años),-,-,-,-,-,-,-,-
Cundinamarca , Yacopí,25885.0,MUJER,TOTAL,-,-,-,-,-,-,-,-
Cundinamarca , Yacopí,25885.0,Indeterminado,Menores de Edad (<18 años),-,-,-,-,-,-,-,-
Cundinamarca , Yacopí,25885.0,Indeterminado,Mayores de Edad (>18 años),-,-,-,-,-,-,-,-
Cundinamarca , Yacopí,25885.0,INDETERMINADO,TOTAL,-,-,-,-,-,-,-,-
Cundinamarca , Yacopí,25885.0,TOTAL,,-,-,-,1,-,-,1,2
Cundinamarca , Zipaquirá,25899.0,Hombre,Menores de Edad (<18 años),-,-,-,1,-,-,1,2
Cundinamarca , Zipaquirá,25899.0,Hombre,Mayores de Edad (>18 años),-,-,-,3,-,-,6,9
Cundinamarca , Zipaquirá,25899.0,HOMBRE,TOTAL,-,-,-,4,-,-,7,11
Cundinamarca , Zipaquirá,25899.0,Mujer,Menores de Edad (<18 años),-,-,-,-,-,-,-,-
Cundinamarca , Zipaquirá,25899.0,Mujer,Mayores de Edad (>18 años),-,-,-,-,-,-,-,-
Cundinamarca , Zipaquirá,25899.0,MUJER,TOTAL,-,-,-,-,-,-,-,-
Cundinamarca , Zipaquirá,25899.0,Indeterminado,Menores de Edad (<18 años),-,-,-,-,-,-,-,-
Cundinamarca , Zipaquirá,25899.0,Indeterminado,Mayores de Edad (>18 años),-,-,-,-,-,-,-,-
Cundinamarca , Zipaquirá,25899.0,INDETERMINADO,TOTAL,-,-,-,-,-,-,-,-
Cundinamarca , Zipaquirá,25899.0,TOTAL,,-,-,-,4,-,-,7,11
Guainía , Inírida,94001.0,Hombre,Menores de Edad (<18 años),-,-,-,-,-,-,-,-
Guainía , Inírida,94001.0,Hombre,Mayores de Edad (>18 años),-,-,-,1,-,-,2,3
Guainía , Inírida,94001.0,HOMBRE,TOTAL,-,-,-,1,-,-,2,3
Guainía , Inírida,94001.0,Mujer,Menores de Edad (<18 años),-,-,-,-,-,-,-,-
Guainía , Inírida,94001.0,Mujer,Mayores de Edad (>18 años),-,-,-,1,-,-,-,1
Guainía , Inírida,94001.0,MUJER,TOTAL,-,-,-,1,-,-,-,1
Guainía , Inírida,94001.0,Indeterminado,Menores de Edad (<18 años),-,-,-,-,-,-,-,-
Guainía , Inírida,94001.0,Indeterminado,Mayores de Edad (>18 años),-,-,-,-,-,-,-,-
Guainía , Inírida,94001.0,INDETERMINADO,TOTAL,-,-,-,-,-,-,-,-
Guainía , Inírida,94001.0,TOTAL,,-,-,-,2,-,-,2,4
Guainía , Mapiripana,94663.0,Hombre,Menores de Edad (<18 años),-,-,-,-,-,-,-,-
Guainía , Mapiripana,94663.0,Hombre,Mayores de Edad (>18 años),-,-,-,-,-,-,1,1
Guainía , Mapiripana,94663.0,HOMBRE,TOTAL,-,-,-,-,-,-,1,1
Guainía , Mapiripana,94663.0,Mujer,Menores de Edad (<18 años),-,-,-,-,-,-,-,-
Guainía , Mapiripana,94663.0,Mujer,Mayores de Edad (>18 años),-,-,-,-,-,-,-,-
Guainía , Mapiripana,94663.0,MUJER,TOTAL,-,-,-,-,-,-,-,-
Guainía , Mapiripana,94663.0,Indeterminado,Menores de Edad (<18 años),-,-,-,-,-,-,-,-
Guainía , Mapiripana,94663.0,Indeterminado,Mayores de Edad (>18 años),-,-,-,-,-,-,-,-
Guainía , Mapiripana,94663.0,INDETERMINADO,TOTAL,-,-,-,-,-,-,-,-
Guainía , Mapiripana,94663.0,TOTAL,,-,-,-,-,-,-,1,1
Guaviare , Calamar,95015.0,Hombre,Menores de Edad (<18 años),-,-,-,-,-,-,-,-
Guaviare , Calamar,95015.0,Hombre,Mayores de Edad (>18 años),-,-,-,1,-,-,1,2
Guaviare , Calamar,95015.0,HOMBRE,TOTAL,-,-,-,1,-,-,1,2
Guaviare , Calamar,95015.0,Mujer,Menores de Edad (<18 años),-,-,-,-,-,-,-,-
Guaviare , Calamar,95015.0,Mujer,Mayores de Edad (>18 años),-,-,-,-,-,-,-,-
Guaviare , Calamar,95015.0,MUJER,TOTAL,-,-,-,-,-,-,-,-
Guaviare , Calamar,95015.0,Indeterminado,Menores de Edad (<18 años),-,-,-,-,-,-,-,-
Guaviare , Calamar,95015.0,Indeterminado,Mayores de Edad (>18 años),-,-,-,-,-,-,-,-
Guaviare , Calamar,95015.0,INDETERMINADO,TOTAL,-,-,-,-,-,-,-,-
Guaviare , Calamar,95015.0,TOTAL,,-,-,-,1,-,-,1,2
Guaviare , El Retorno,95025.0,Hombre,Menores de Edad (<18 años),-,-,-,-,-,-,-,-
Guaviare , El Retorno,95025.0,Hombre,Mayores de Edad (>18 años),-,-,-,2,-,-,-,2
Guaviare , El Retorno,95025.0,HOMBRE,TOTAL,-,-,-,2,-,-,-,2
Guaviare , El Retorno,95025.0,Mujer,Menores de Edad (<18 años),-,-,-,-,-,-,-,-
Guaviare , El Retorno,95025.0,Mujer,Mayores de Edad (>18 años),-,-,-,-,-,-,-,-
Guaviare , El Retorno,95025.0,MUJER,TOTAL,-,-,-,-,-,-,-,-
Guaviare , El Retorno,95025.0,Indeterminado,Menores de Edad (<18 años),-,-,-,-,-,-,-,-
Guaviare , El Retorno,95025.0,Indeterminado,Mayores de Edad (>18 años),-,-,-,-,-,-,-,-
Guaviare , El Retorno,95025.0,INDETERMINADO,TOTAL,-,-,-,-,-,-,-,-
Guaviare , El Retorno,95025.0,TOTAL,,-,-,-,2,-,-,-,2
Guaviare , Miraflores,95200.0,Hombre,Menores de Edad (<18 años),-,-,-,-,-,-,-,-
Guaviare , Miraflores,95200.0,Hombre,Mayores de Edad (>18 años),-,-,-,-,-,-,1,1
Guaviare , Miraflores,95200.0,HOMBRE,TOTAL,-,-,-,-,-,-,1,1
Guaviare , Miraflores,95200.0,Mujer,Menores de Edad (<18 años),-,-,-,-,-,-,-,-
Guaviare , Miraflores,95200.0,Mujer,Mayores de Edad (>18 años),-,-,-,-,-,-,-,-
Guaviare , Miraflores,95200.0,MUJER,TOTAL,-,-,-,-,-,-,-,-
Guaviare , Miraflores,95200.0,Indeterminado,Menores de Edad (<18 años),-,-,-,-,-,-,-,-
Guaviare , Miraflores,95200.0,Indeterminado,Mayores de Edad (>18 años),-,-,-,-,-,-,-,-
Guaviare , Miraflores,95200.0,INDETERMINADO,TOTAL,-,-,-,-,-,-,-,-
Guaviare , Miraflores,95200.0,TOTAL,,-,-,-,-,-,-,1,1
Guaviare , San José del Guaviare,95001.0,Hombre,Menores de Edad (<18 años),-,-,-,-,-,-,-,-
Guaviare , San José del Guaviare,95001.0,Hombre,Mayores de Edad (>18 años),-,-,1,7,-,-,4,12
Guaviare , San José del Guaviare,95001.0,HOMBRE,TOTAL,-,-,1,7,-,-,4,12
Guaviare , San José del Guaviare,95001.0,Mujer,Menores de Edad (<18 años),-,-,-,-,-,-,-,-
Guaviare , San José del Guaviare,95001.0,Mujer,Mayores de Edad (>18 años),-,-,-,-,-,-,1,1
Guaviare , San José del Guaviare,95001.0,MUJER,TOTAL,-,-,-,-,-,-,1,1
Guaviare , San José del Guaviare,95001.0,Indeterminado,Menores de Edad (<18 años),-,-,-,-,-,-,-,-
Guaviare , San José del Guaviare,95001.0,Indeterminado,Mayores de Edad (>18 años),-,-,-,-,-,-,-,-
Guaviare , San José del Guaviare,95001.0,INDETERMINADO,TOTAL,-,-,-,-,-,-,-,-
Guaviare , San José del Guaviare,95001.0,TOTAL,,-,-,1,7,-,-,5,13
Huila , Acevedo,41006.0,Hombre,Menores de Edad (<18 años),-,-,-,-,-,-,-,-
Huila , Acevedo,41006.0,Hombre,Mayores de Edad (>18 años),-,-,-,16,-,-,-,16
Huila , Acevedo,41006.0,HOMBRE,TOTAL,-,-,-,16,-,-,-,16
Huila , Acevedo,41006.0,Mujer,Menores de Edad (<18 años),-,-,1,-,-,-,-,1
Huila , Acevedo,41006.0,Mujer,Mayores de Edad (>18 años),-,-,-,1,-,-,1,2
Huila , Acevedo,41006.0,MUJER,TOTAL,-,-,1,1,-,-,1,3
Huila , Acevedo,41006.0,Indeterminado,Menores de Edad (<18 años),-,-,-,-,-,-,-,-
Huila , Acevedo,41006.0,Indeterminado,Mayores de Edad (>18 años),-,-,-,-,-,-,-,-
Huila , Acevedo,41006.0,INDETERMINADO,TOTAL,-,-,-,-,-,-,-,-
Huila , Acevedo,41006.0,TOTAL,,-,-,1,17,-,-,1,19
Huila , Agrado,41013.0,Hombre,Menores de Edad (<18 años),-,-,-,-,-,-,-,-
Huila , Agrado,41013.0,Hombre,Mayores de Edad (>18 años),-,-,-,1,-,-,-,1
Huila , Agrado,41013.0,HOMBRE,TOTAL,-,-,-,1,-,-,-,1
Huila , Agrado,41013.0,Mujer,Menores de Edad (<18 años),-,-,-,-,-,-,-,-
Huila , Agrado,41013.0,Mujer,Mayores de Edad (>18 años),-,-,-,-,-,-,-,-
Huila , Agrado,41013.0,MUJER,TOTAL,-,-,-,-,-,-,-,-
Huila , Agrado,41013.0,Indeterminado,Menores de Edad (<18 años),-,-,-,-,-,-,-,-
Huila , Agrado,41013.0,Indeterminado,Mayores de Edad (>18 años),-,-,-,-,-,-,-,-
Huila , Agrado,41013.0,INDETERMINADO,TOTAL,-,-,-,-,-,-,-,-
Huila , Agrado,41013.0,TOTAL,,-,-,-,1,-,-,-,1
Huila , Aipe,41016.0,Hombre,Menores de Edad (<18 años),-,-,-,-,-,-,-,-
Huila , Aipe,41016.0,Hombre,Mayores de Edad (>18 años),-,-,-,1,-,-,-,1
Huila , Aipe,41016.0,HOMBRE,TOTAL,-,-,-,1,-,-,-,1
Huila , Aipe,41016.0,Mujer,Menores de Edad (<18 años),-,-,-,-,-,-,-,-
Huila , Aipe,41016.0,Mujer,Mayores de Edad (>18 años),-,-,-,-,-,-,-,-
Huila , Aipe,41016.0,MUJER,TOTAL,-,-,-,-,-,-,-,-
Huila , Aipe,41016.0,Indeterminado,Menores de Edad (<18 años),-,-,-,-,-,-,-,-
Huila , Aipe,41016.0,Indeterminado,Mayores de Edad (>18 años),-,-,-,-,-,-,-,-
Huila , Aipe,41016.0,INDETERMINADO,TOTAL,-,-,-,-,-,-,-,-
Huila , Aipe,41016.0,TOTAL,,-,-,-,1,-,-,-,1
Huila , Algeciras,41020.0,Hombre,Menores de Edad (<18 años),-,-,-,2,-,-,-,2
Huila , Algeciras,41020.0,Hombre,Mayores de Edad (>18 años),-,1,-,18,-,-,1,20
Huila , Algeciras,41020.0,HOMBRE,TOTAL,-,1,-,20,-,-,1,22
Huila , Algeciras,41020.0,Mujer,Menores de Edad (<18 años),-,-,-,-,-,-,-,-
Huila , Algeciras,41020.0,Mujer,Mayores de Edad (>18 años),-,-,-,2,-,-,-,2
Huila , Algeciras,41020.0,MUJER,TOTAL,-,-,-,2,-,-,-,2
Huila , Algeciras,41020.0,Indeterminado,Menores de Edad (<18 años),-,-,-,-,-,-,-,-
Huila , Algeciras,41020.0,Indeterminado,Mayores de Edad (>18 años),-,-,-,-,-,-,-,-
Huila , Algeciras,41020.0,INDETERMINADO,TOTAL,-,-,-,-,-,-,-,-
Huila , Algeciras,41020.0,TOTAL,,-,1,-,22,-,-,1,24
Huila , Baraya,41078.0,Hombre,Menores de Edad (<18 años),-,-,-,-,-,-,-,-
Huila , Baraya,41078.0,Hombre,Mayores de Edad (>18 años),-,-,-,2,-,-,-,2
Huila , Baraya,41078.0,HOMBRE,TOTAL,-,-,-,2,-,-,-,2
Huila , Baraya,41078.0,Mujer,Menores de Edad (<18 años),-,-,-,-,-,-,-,-
Huila , Baraya,41078.0,Mujer,Mayores de Edad (>18 años),-,-,-,-,-,-,-,-
Huila , Baraya,41078.0,MUJER,TOTAL,-,-,-,-,-,-,-,-
Huila , Baraya,41078.0,Indeterminado,Menores de Edad (<18 años),-,-,-,-,-,-,-,-
Huila , Baraya,41078.0,Indeterminado,Mayores de Edad (>18 años),-,-,-,-,-,-,-,-
Huila , Baraya,41078.0,INDETERMINADO,TOTAL,-,-,-,-,-,-,-,-
Huila , Baraya,41078.0,TOTAL,,-,-,-,2,-,-,-,2
Huila , Campoalegre,41132.0,Hombre,Menores de Edad (<18 años),-,-,-,2,-,-,-,2
Huila , Campoalegre,41132.0,Hombre,Mayores de Edad (>18 años),-,-,-,14,-,-,-,14
Huila , Campoalegre,41132.0,HOMBRE,TOTAL,-,-,-,16,-,-,-,16
Huila , Campoalegre,41132.0,Mujer,Menores de Edad (<18 años),-,-,-,-,-,-,-,-
Huila , Campoalegre,41132.0,Mujer,Mayores de Edad (>18 años),-,-,-,-,-,-,-,-
Huila , Campoalegre,41132.0,MUJER,TOTAL,-,-,-,-,-,-,-,-
Huila , Campoalegre,41132.0,Indeterminado,Menores de Edad (<18 años),-,-,-,-,-,-,-,-
Huila , Campoalegre,41132.0,Indeterminado,Mayores de Edad (>18 años),-,-,-,-,-,-,-,-
Huila , Campoalegre,41132.0,INDETERMINADO,TOTAL,-,-,-,-,-,-,-,-
Huila , Campoalegre,41132.0,TOTAL,,-,-,-,16,-,-,-,16
Huila , Colombia,41206.0,Hombre,Menores de Edad (<18 años),-,-,-,-,-,-,-,-
Huila , Colombia,41206.0,Hombre,Mayores de Edad (>18 años),-,-,-,2,-,-,-,2
Huila , Colombia,41206.0,HOMBRE,TOTAL,-,-,-,2,-,-,-,2
Huila , Colombia,41206.0,Mujer,Menores de Edad (<18 años),-,-,-,-,-,-,-,-
Huila , Colombia,41206.0,Mujer,Mayores de Edad (>18 años),-,-,-,-,-,-,-,-
Huila , Colombia,41206.0,MUJER,TOTAL,-,-,-,-,-,-,-,-
Huila , Colombia,41206.0,Indeterminado,Menores de Edad (<18 años),-,-,-,-,-,-,-,-
Huila , Colombia,41206.0,Indeterminado,Mayores de Edad (>18 años),-,-,-,-,-,-,-,-
Huila , Colombia,41206.0,INDETERMINADO,TOTAL,-,-,-,-,-,-,-,-
Huila , Colombia,41206.0,TOTAL,,-,-,-,2,-,-,-,2
Huila , Garzón,41298.0,Hombre,Menores de Edad (<18 años),-,-,-,-,-,-,-,-
Huila , Garzón,41298.0,Hombre,Mayores de Edad (>18 años),-,1,-,4,-,-,-,5
Huila , Garzón,41298.0,HOMBRE,TOTAL,-,1,-,4,-,-,-,5
Huila , Garzón,41298.0,Mujer,Menores de Edad (<18 años),-,-,-,1,-,-,-,1
Huila , Garzón,41298.0,Mujer,Mayores de Edad (>18 años),-,-,-,-,-,-,-,-
Huila , Garzón,41298.0,MUJER,TOTAL,-,-,-,1,-,-,-,1
Huila , Garzón,41298.0,Indeterminado,Menores de Edad (<18 años),-,-,-,-,-,-,-,-
Huila , Garzón,41298.0,Indeterminado,Mayores de Edad (>18 años),-,-,-,-,-,-,-,-
Huila , Garzón,41298.0,INDETERMINADO,TOTAL,-,-,-,-,-,-,-,-
Huila , Garzón,41298.0,TOTAL,,-,1,-,5,-,-,-,6
Huila , Gigante,41306.0,Hombre,Menores de Edad (<18 años),-,-,-,-,-,-,-,-
Huila , Gigante,41306.0,Hombre,Mayores de Edad (>18 años),-,-,-,4,-,-,1,5
Huila , Gigante,41306.0,HOMBRE,TOTAL,-,-,-,4,-,-,1,5
Huila , Gigante,41306.0,Mujer,Menores de Edad (<18 años),-,-,-,-,-,-,-,-
Huila , Gigante,41306.0,Mujer,Mayores de Edad (>18 años),-,-,-,-,-,-,-,-
Huila , Gigante,41306.0,MUJER,TOTAL,-,-,-,-,-,-,-,-
Huila , Gigante,41306.0,Indeterminado,Menores de Edad (<18 años),-,-,-,-,-,-,-,-
Huila , Gigante,41306.0,Indeterminado,Mayores de Edad (>18 años),-,-,-,-,-,-,-,-
Huila , Gigante,41306.0,INDETERMINADO,TOTAL,-,-,-,-,-,-,-,-
Huila , Gigante,41306.0,TOTAL,,-,-,-,4,-,-,1,5
Huila , Guadalupe,41319.0,Hombre,Menores de Edad (<18 años),-,-,-,1,-,-,-,1
Huila , Guadalupe,41319.0,Hombre,Mayores de Edad (>18 años),-,-,-,-,-,-,1,1
Huila , Guadalupe,41319.0,HOMBRE,TOTAL,-,-,-,1,-,-,1,2
Huila , Guadalupe,41319.0,Mujer,Menores de Edad (<18 años),-,-,-,-,-,-,-,-
Huila , Guadalupe,41319.0,Mujer,Mayores de Edad (>18 años),-,-,-,-,-,-,-,-
Huila , Guadalupe,41319.0,MUJER,TOTAL,-,-,-,-,-,-,-,-
Huila , Guadalupe,41319.0,Indeterminado,Menores de Edad (<18 años),-,-,-,-,-,-,-,-
Huila , Guadalupe,41319.0,Indeterminado,Mayores de Edad (>18 años),-,-,-,-,-,-,-,-
Huila , Guadalupe,41319.0,INDETERMINADO,TOTAL,-,-,-,-,-,-,-,-
Huila , Guadalupe,41319.0,TOTAL,,-,-,-,1,-,-,1,2
Huila , Íquira,41357.0,Hombre,Menores de Edad (<18 años),-,-,-,-,-,-,-,-
Huila , Íquira,41357.0,Hombre,Mayores de Edad (>18 años),-,-,-,1,-,-,-,1
Huila , Íquira,41357.0,HOMBRE,TOTAL,-,-,-,1,-,-,-,1
Huila , Íquira,41357.0,Mujer,Menores de Edad (<18 años),-,-,-,-,-,-,-,-
Huila , Íquira,41357.0,Mujer,Mayores de Edad (>18 años),-,-,-,-,-,-,-,-
Huila , Íquira,41357.0,MUJER,TOTAL,-,-,-,-,-,-,-,-
Huila , Íquira,41357.0,Indeterminado,Menores de Edad (<18 años),-,-,-,-,-,-,-,-
Huila , Íquira,41357.0,Indeterminado,Mayores de Edad (>18 años),-,-,-,-,-,-,-,-
Huila , Íquira,41357.0,INDETERMINADO,TOTAL,-,-,-,-,-,-,-,-
Huila , Íquira,41357.0,TOTAL,,-,-,-,1,-,-,-,1
Huila , Isnos,41359.0,Hombre,Menores de Edad (<18 años),-,-,-,1,-,-,-,1
Huila , Isnos,41359.0,Hombre,Mayores de Edad (>18 años),-,-,-,1,-,-,-,1
Huila , Isnos,41359.0,HOMBRE,TOTAL,-,-,-,2,-,-,-,2
Huila , Isnos,41359.0,Mujer,Menores de Edad (<18 años),-,-,-,-,-,-,-,-
Huila , Isnos,41359.0,Mujer,Mayores de Edad (>18 años),-,-,-,-,-,-,-,-
Huila , Isnos,41359.0,MUJER,TOTAL,-,-,-,-,-,-,-,-
Huila , Isnos,41359.0,Indeterminado,Menores de Edad (<18 años),-,-,-,-,-,-,-,-
Huila , Isnos,41359.0,Indeterminado,Mayores de Edad (>18 años),-,-,-,-,-,-,-,-
Huila , Isnos,41359.0,INDETERMINADO,TOTAL,-,-,-,-,-,-,-,-
Huila , Isnos,41359.0,TOTAL,,-,-,-,2,-,-,-,2
Huila , La Argentina,41378.0,Hombre,Menores de Edad (<18 años),-,-,-,-,-,-,-,-
Huila , La Argentina,41378.0,Hombre,Mayores de Edad (>18 años),-,-,-,1,-,-,-,1
Huila , La Argentina,41378.0,HOMBRE,TOTAL,-,-,-,1,-,-,-,1
Huila , La Argentina,41378.0,Mujer,Menores de Edad (<18 años),-,-,-,-,-,-,-,-
Huila , La Argentina,41378.0,Mujer,Mayores de Edad (>18 años),-,-,-,-,-,-,-,-
Huila , La Argentina,41378.0,MUJER,TOTAL,-,-,-,-,-,-,-,-
Huila , La Argentina,41378.0,Indeterminado,Menores de Edad (<18 años),-,-,-,-,-,-,-,-
Huila , La Argentina,41378.0,Indeterminado,Mayores de Edad (>18 años),-,-,-,-,-,-,-,-
Huila , La Argentina,41378.0,INDETERMINADO,TOTAL,-,-,-,-,-,-,-,-
Huila , La Argentina,41378.0,TOTAL,,-,-,-,1,-,-,-,1
Huila , La Plata,41396.0,Hombre,Menores de Edad (<18 años),-,-,-,-,-,-,-,-
Huila , La Plata,41396.0,Hombre,Mayores de Edad (>18 años),-,-,-,10,-,-,-,10
Huila , La Plata,41396.0,HOMBRE,TOTAL,-,-,-,10,-,-,-,10
Huila , La Plata,41396.0,Mujer,Menores de Edad (<18 años),-,-,-,-,-,-,-,-
Huila , La Plata,41396.0,Mujer,Mayores de Edad (>18 años),-,-,-,-,-,-,-,-
Huila , La Plata,41396.0,MUJER,TOTAL,-,-,-,-,-,-,-,-
Huila , La Plata,41396.0,Indeterminado,Menores de Edad (<18 años),-,-,-,-,-,-,-,-
Huila , La Plata,41396.0,Indeterminado,Mayores de Edad (>18 años),-,-,-,-,-,-,-,-
Huila , La Plata,41396.0,INDETERMINADO,TOTAL,-,-,-,-,-,-,-,-
Huila , La Plata,41396.0,TOTAL,,-,-,-,10,-,-,-,10
Huila , Neiva,41001.0,Hombre,Menores de Edad (<18 años),-,1,-,3,-,-,-,4
Huila , Neiva,41001.0,Hombre,Mayores de Edad (>18 años),-,4,1,54,-,-,3,62
Huila , Neiva,41001.0,HOMBRE,TOTAL,-,5,1,57,-,-,3,66
Huila , Neiva,41001.0,Mujer,Menores de Edad (<18 años),-,-,-,1,-,-,-,1
Huila , Neiva,41001.0,Mujer,Mayores de Edad (>18 años),-,1,-,6,-,-,-,7
Huila , Neiva,41001.0,MUJER,TOTAL,-,1,-,7,-,-,-,8
Huila , Neiva,41001.0,Indeterminado,Menores de Edad (<18 años),-,-,-,-,-,-,-,-
Huila , Neiva,41001.0,Indeterminado,Mayores de Edad (>18 años),-,-,-,-,-,-,-,-
Huila , Neiva,41001.0,INDETERMINADO,TOTAL,-,-,-,-,-,-,-,-
Huila , Neiva,41001.0,TOTAL,,-,6,1,64,-,-,3,74
Huila , Oporapa,41503.0,Hombre,Menores de Edad (<18 años),-,-,-,1,-,-,-,1
Huila , Oporapa,41503.0,Hombre,Mayores de Edad (>18 años),-,-,-,1,-,-,-,1
Huila , Oporapa,41503.0,HOMBRE,TOTAL,-,-,-,2,-,-,-,2
Huila , Oporapa,41503.0,Mujer,Menores de Edad (<18 años),-,-,-,-,-,-,-,-
Huila , Oporapa,41503.0,Mujer,Mayores de Edad (>18 años),-,-,-,-,-,-,-,-
Huila , Oporapa,41503.0,MUJER,TOTAL,-,-,-,-,-,-,-,-
Huila , Oporapa,41503.0,Indeterminado,Menores de Edad (<18 años),-,-,-,-,-,-,-,-
Huila , Oporapa,41503.0,Indeterminado,Mayores de Edad (>18 años),-,-,-,-,-,-,-,-
Huila , Oporapa,41503.0,INDETERMINADO,TOTAL,-,-,-,-,-,-,-,-
Huila , Oporapa,41503.0,TOTAL,,-,-,-,2,-,-,-,2
Huila , Palermo,41524.0,Hombre,Menores de Edad (<18 años),-,-,-,-,-,-,-,-
Huila , Palermo,41524.0,Hombre,Mayores de Edad (>18 años),-,-,-,3,-,-,-,3
Huila , Palermo,41524.0,HOMBRE,TOTAL,-,-,-,3,-,-,-,3
Huila , Palermo,41524.0,Mujer,Menores de Edad (<18 años),-,-,-,-,-,-,-,-
Huila , Palermo,41524.0,Mujer,Mayores de Edad (>18 años),-,-,-,-,-,-,-,-
Huila , Palermo,41524.0,MUJER,TOTAL,-,-,-,-,-,-,-,-
Huila , Palermo,41524.0,Indeterminado,Menores de Edad (<18 años),-,-,-,-,-,-,-,-
Huila , Palermo,41524.0,Indeterminado,Mayores de Edad (>18 años),-,-,-,-,-,-,-,-
Huila , Palermo,41524.0,INDETERMINADO,TOTAL,-,-,-,-,-,-,-,-
Huila , Palermo,41524.0,TOTAL,,-,-,-,3,-,-,-,3
Huila , Palestina,41530.0,Hombre,Menores de Edad (<18 años),-,-,-,-,-,-,-,-
Huila , Palestina,41530.0,Hombre,Mayores de Edad (>18 años),-,-,-,1,-,-,-,1
Huila , Palestina,41530.0,HOMBRE,TOTAL,-,-,-,1,-,-,-,1
Huila , Palestina,41530.0,Mujer,Menores de Edad (<18 años),-,-,-,-,-,-,-,-
Huila , Palestina,41530.0,Mujer,Mayores de Edad (>18 años),-,-,-,1,-,-,-,1
Huila , Palestina,41530.0,MUJER,TOTAL,-,-,-,1,-,-,-,1
Huila , Palestina,41530.0,Indeterminado,Menores de Edad (<18 años),-,-,-,-,-,-,-,-
Huila , Palestina,41530.0,Indeterminado,Mayores de Edad (>18 años),-,-,-,-,-,-,-,-
Huila , Palestina,41530.0,INDETERMINADO,TOTAL,-,-,-,-,-,-,-,-
Huila , Palestina,41530.0,TOTAL,,-,-,-,2,-,-,-,2
Huila , Pital,41548.0,Hombre,Menores de Edad (<18 años),-,-,-,-,-,-,-,-
Huila , Pital,41548.0,Hombre,Mayores de Edad (>18 años),-,-,-,-,-,1,-,1
Huila , Pital,41548.0,HOMBRE,TOTAL,-,-,-,-,-,1,-,1
Huila , Pital,41548.0,Mujer,Menores de Edad (<18 años),-,-,-,-,-,-,-,-
Huila , Pital,41548.0,Mujer,Mayores de Edad (>18 años),-,-,-,-,-,-,-,-
Huila , Pital,41548.0,MUJER,TOTAL,-,-,-,-,-,-,-,-
Huila , Pital,41548.0,Indeterminado,Menores de Edad (<18 años),-,-,-,-,-,-,-,-
Huila , Pital,41548.0,Indeterminado,Mayores de Edad (>18 años),-,-,-,-,-,-,-,-
Huila , Pital,41548.0,INDETERMINADO,TOTAL,-,-,-,-,-,-,-,-
Huila , Pital,41548.0,TOTAL,,-,-,-,-,-,1,-,1
Huila , Pitalito,41551.0,Hombre,Menores de Edad (<18 años),-,-,-,2,-,-,-,2
Huila , Pitalito,41551.0,Hombre,Mayores de Edad (>18 años),-,-,-,32,-,-,-,32
Huila , Pitalito,41551.0,HOMBRE,TOTAL,-,-,-,34,-,-,-,34
Huila , Pitalito,41551.0,Mujer,Menores de Edad (<18 años),-,-,-,-,-,-,-,-
Huila , Pitalito,41551.0,Mujer,Mayores de Edad (>18 años),-,-,-,2,-,-,-,2
Huila , Pitalito,41551.0,MUJER,TOTAL,-,-,-,2,-,-,-,2
Huila , Pitalito,41551.0,Indeterminado,Menores de Edad (<18 años),-,-,-,-,-,-,-,-
Huila , Pitalito,41551.0,Indeterminado,Mayores de Edad (>18 años),-,-,-,-,-,-,-,-
Huila , Pitalito,41551.0,INDETERMINADO,TOTAL,-,-,-,-,-,-,-,-
Huila , Pitalito,41551.0,TOTAL,,-,-,-,36,-,-,-,36
Huila , Rivera,41615.0,Hombre,Menores de Edad (<18 años),-,-,-,-,-,-,-,-
Huila , Rivera,41615.0,Hombre,Mayores de Edad (>18 años),-,-,-,4,-,-,1,5
Huila , Rivera,41615.0,HOMBRE,TOTAL,-,-,-,4,-,-,1,5
Huila , Rivera,41615.0,Mujer,Menores de Edad (<18 años),-,-,-,-,-,-,-,-
Huila , Rivera,41615.0,Mujer,Mayores de Edad (>18 años),-,-,-,-,-,-,-,-
Huila , Rivera,41615.0,MUJER,TOTAL,-,-,-,-,-,-,-,-
Huila , Rivera,41615.0,Indeterminado,Menores de Edad (<18 años),-,-,-,-,-,-,-,-
Huila , Rivera,41615.0,Indeterminado,Mayores de Edad (>18 años),-,-,-,-,-,-,-,-
Huila , Rivera,41615.0,INDETERMINADO,TOTAL,-,-,-,-,-,-,-,-
Huila , Rivera,41615.0,TOTAL,,-,-,-,4,-,-,1,5
Huila , Saladoblanco,41660.0,Hombre,Menores de Edad (<18 años),-,-,-,-,-,-,-,-
Huila , Saladoblanco,41660.0,Hombre,Mayores de Edad (>18 años),-,-,-,1,-,-,1,2
Huila , Saladoblanco,41660.0,HOMBRE,TOTAL,-,-,-,1,-,-,1,2
Huila , Saladoblanco,41660.0,Mujer,Menores de Edad (<18 años),-,-,-,-,-,-,-,-
Huila , Saladoblanco,41660.0,Mujer,Mayores de Edad (>18 años),-,-,-,-,-,-,-,-
Huila , Saladoblanco,41660.0,MUJER,TOTAL,-,-,-,-,-,-,-,-
Huila , Saladoblanco,41660.0,Indeterminado,Menores de Edad (<18 años),-,-,-,-,-,-,-,-
Huila , Saladoblanco,41660.0,Indeterminado,Mayores de Edad (>18 años),-,-,-,-,-,-,-,-
Huila , Saladoblanco,41660.0,INDETERMINADO,TOTAL,-,-,-,-,-,-,-,-
Huila , Saladoblanco,41660.0,TOTAL,,-,-,-,1,-,-,1,2
Huila , San Agustín,41668.0,Hombre,Menores de Edad (<18 años),-,-,-,2,-,-,-,2
Huila , San Agustín,41668.0,Hombre,Mayores de Edad (>18 años),-,-,-,2,-,-,-,2
Huila , San Agustín,41668.0,HOMBRE,TOTAL,-,-,-,4,-,-,-,4
Huila , San Agustín,41668.0,Mujer,Menores de Edad (<18 años),-,-,-,-,-,-,-,-
Huila , San Agustín,41668.0,Mujer,Mayores de Edad (>18 años),-,-,-,1,-,-,-,1
Huila , San Agustín,41668.0,MUJER,TOTAL,-,-,-,1,-,-,-,1
Huila , San Agustín,41668.0,Indeterminado,Menores de Edad (<18 años),-,-,-,-,-,-,-,-
Huila , San Agustín,41668.0,Indeterminado,Mayores de Edad (>18 años),-,-,-,-,-,-,-,-
Huila , San Agustín,41668.0,INDETERMINADO,TOTAL,-,-,-,-,-,-,-,-
Huila , San Agustín,41668.0,TOTAL,,-,-,-,5,-,-,-,5
Huila , Santa María,41676.0,Hombre,Menores de Edad (<18 años),-,-,-,-,-,-,-,-
Huila , Santa María,41676.0,Hombre,Mayores de Edad (>18 años),-,-,-,1,-,-,-,1
Huila , Santa María,41676.0,HOMBRE,TOTAL,-,-,-,1,-,-,-,1
Huila , Santa María,41676.0,Mujer,Menores de Edad (<18 años),-,-,-,-,-,-,-,-
Huila , Santa María,41676.0,Mujer,Mayores de Edad (>18 años),-,-,-,-,-,-,-,-
Huila , Santa María,41676.0,MUJER,TOTAL,-,-,-,-,-,-,-,-
Huila , Santa María,41676.0,Indeterminado,Menores de Edad (<18 años),-,-,-,-,-,-,-,-
Huila , Santa María,41676.0,Indeterminado,Mayores de Edad (>18 años),-,-,-,-,-,-,-,-
Huila , Santa María,41676.0,INDETERMINADO,TOTAL,-,-,-,-,-,-,-,-
Huila , Santa María,41676.0,TOTAL,,-,-,-,1,-,-,-,1
Huila , Suaza,41770.0,Hombre,Menores de Edad (<18 años),-,-,-,-,-,-,-,-
Huila , Suaza,41770.0,Hombre,Mayores de Edad (>18 años),-,-,-,3,-,-,2,5
Huila , Suaza,41770.0,HOMBRE,TOTAL,-,-,-,3,-,-,2,5
Huila , Suaza,41770.0,Mujer,Menores de Edad (<18 años),-,1,-,-,-,-,-,1
Huila , Suaza,41770.0,Mujer,Mayores de Edad (>18 años),-,-,-,1,-,-,-,1
Huila , Suaza,41770.0,MUJER,TOTAL,-,1,-,1,-,-,-,2
Huila , Suaza,41770.0,Indeterminado,Menores de Edad (<18 años),-,-,-,-,-,-,-,-
Huila , Suaza,41770.0,Indeterminado,Mayores de Edad (>18 años),-,-,-,-,-,-,-,-
Huila , Suaza,41770.0,INDETERMINADO,TOTAL,-,-,-,-,-,-,-,-
Huila , Suaza,41770.0,TOTAL,,-,1,-,4,-,-,2,7
Huila , Tarqui,41791.0,Hombre,Menores de Edad (<18 años),-,-,-,-,-,-,-,-
Huila , Tarqui,41791.0,Hombre,Mayores de Edad (>18 años),-,-,-,1,-,-,-,1
Huila , Tarqui,41791.0,HOMBRE,TOTAL,-,-,-,1,-,-,-,1
Huila , Tarqui,41791.0,Mujer,Menores de Edad (<18 años),-,-,-,-,-,-,-,-
Huila , Tarqui,41791.0,Mujer,Mayores de Edad (>18 años),-,-,-,-,-,-,-,-
Huila , Tarqui,41791.0,MUJER,TOTAL,-,-,-,-,-,-,-,-
Huila , Tarqui,41791.0,Indeterminado,Menores de Edad (<18 años),-,-,-,-,-,-,-,-
Huila , Tarqui,41791.0,Indeterminado,Mayores de Edad (>18 años),-,-,-,-,-,-,-,-
Huila , Tarqui,41791.0,INDETERMINADO,TOTAL,-,-,-,-,-,-,-,-
Huila , Tarqui,41791.0,TOTAL,,-,-,-,1,-,-,-,1
Huila , Tello,41799.0,Hombre,Menores de Edad (<18 años),-,-,-,-,-,-,-,-
Huila , Tello,41799.0,Hombre,Mayores de Edad (>18 años),-,-,-,5,-,-,-,5
Huila , Tello,41799.0,HOMBRE,TOTAL,-,-,-,5,-,-,-,5
Huila , Tello,41799.0,Mujer,Menores de Edad (<18 años),-,-,-,-,-,-,-,-
Huila , Tello,41799.0,Mujer,Mayores de Edad (>18 años),-,-,-,-,-,-,-,-
Huila , Tello,41799.0,MUJER,TOTAL,-,-,-,-,-,-,-,-
Huila , Tello,41799.0,Indeterminado,Menores de Edad (<18 años),-,-,-,-,-,-,-,-
Huila , Tello,41799.0,Indeterminado,Mayores de Edad (>18 años),-,-,-,-,-,-,-,-
Huila , Tello,41799.0,INDETERMINADO,TOTAL,-,-,-,-,-,-,-,-
Huila , Tello,41799.0,TOTAL,,-,-,-,5,-,-,-,5
Huila , Teruel,41801.0,Hombre,Menores de Edad (<18 años),-,-,-,-,-,-,-,-
Huila , Teruel,41801.0,Hombre,Mayores de Edad (>18 años),-,-,-,2,-,-,-,2
Huila , Teruel,41801.0,HOMBRE,TOTAL,-,-,-,2,-,-,-,2
Huila , Teruel,41801.0,Mujer,Menores de Edad (<18 años),-,-,-,-,-,-,-,-
Huila , Teruel,41801.0,Mujer,Mayores de Edad (>18 años),-,-,-,-,-,-,-,-
Huila , Teruel,41801.0,MUJER,TOTAL,-,-,-,-,-,-,-,-
Huila , Teruel,41801.0,Indeterminado,Menores de Edad (<18 años),-,-,-,-,-,-,-,-
Huila , Teruel,41801.0,Indeterminado,Mayores de Edad (>18 años),-,-,-,-,-,-,-,-
Huila , Teruel,41801.0,INDETERMINADO,TOTAL,-,-,-,-,-,-,-,-
Huila , Teruel,41801.0,TOTAL,,-,-,-,2,-,-,-,2
Huila , Yaguará,41885.0,Hombre,Menores de Edad (<18 años),-,-,-,-,-,-,-,-
Huila , Yaguará,41885.0,Hombre,Mayores de Edad (>18 años),-,-,-,-,-,-,-,-
Huila , Yaguará,41885.0,HOMBRE,TOTAL,-,-,-,-,-,-,-,-
Huila , Yaguará,41885.0,Mujer,Menores de Edad (<18 años),-,-,-,-,-,-,-,-
Huila , Yaguará,41885.0,Mujer,Mayores de Edad (>18 años),-,-,-,1,-,-,-,1
Huila , Yaguará,41885.0,MUJER,TOTAL,-,-,-,1,-,-,-,1
Huila , Yaguará,41885.0,Indeterminado,Menores de Edad (<18 años),-,-,-,-,-,-,-,-
Huila , Yaguará,41885.0,Indeterminado,Mayores de Edad (>18 años),-,-,-,-,-,-,-,-
Huila , Yaguará,41885.0,INDETERMINADO,TOTAL,-,-,-,-,-,-,-,-
Huila , Yaguará,41885.0,TOTAL,,-,-,-,1,-,-,-,1
La Guajira , Albania,44035.0,Hombre,Menores de Edad (<18 años),-,-,-,-,-,-,-,-
La Guajira , Albania,44035.0,Hombre,Mayores de Edad (>18 años),-,-,-,1,-,1,-,2
La Guajira , Albania,44035.0,HOMBRE,TOTAL,-,-,-,1,-,1,-,2
La Guajira , Albania,44035.0,Mujer,Menores de Edad (<18 años),-,-,-,-,-,-,-,-
La Guajira , Albania,44035.0,Mujer,Mayores de Edad (>18 años),-,-,-,-,-,-,-,-
La Guajira , Albania,44035.0,MUJER,TOTAL,-,-,-,-,-,-,-,-
La Guajira , Albania,44035.0,Indeterminado,Menores de Edad (<18 años),-,-,-,-,-,-,-,-
La Guajira , Albania,44035.0,Indeterminado,Mayores de Edad (>18 años),-,-,-,-,-,-,-,-
La Guajira , Albania,44035.0,INDETERMINADO,TOTAL,-,-,-,-,-,-,-,-
La Guajira , Albania,44035.0,TOTAL,,-,-,-,1,-,1,-,2
La Guajira , Barrancas,44078.0,Hombre,Menores de Edad (<18 años),-,-,-,-,1,-,-,1
La Guajira , Barrancas,44078.0,Hombre,Mayores de Edad (>18 años),-,1,1,3,4,-,-,9
La Guajira , Barrancas,44078.0,HOMBRE,TOTAL,-,1,1,3,5,-,-,10
La Guajira , Barrancas,44078.0,Mujer,Menores de Edad (<18 años),-,-,-,-,-,-,-,-
La Guajira , Barrancas,44078.0,Mujer,Mayores de Edad (>18 años),-,-,-,-,-,-,-,-
La Guajira , Barrancas,44078.0,MUJER,TOTAL,-,-,-,-,-,-,-,-
La Guajira , Barrancas,44078.0,Indeterminado,Menores de Edad (<18 años),-,-,-,-,-,-,-,-
La Guajira , Barrancas,44078.0,Indeterminado,Mayores de Edad (>18 años),-,-,-,-,-,-,-,-
La Guajira , Barrancas,44078.0,INDETERMINADO,TOTAL,-,-,-,-,-,-,-,-
La Guajira , Barrancas,44078.0,TOTAL,,-,1,1,3,5,-,-,10
La Guajira , Dibulla,44090.0,Hombre,Menores de Edad (<18 años),-,-,-,-,-,-,-,-
La Guajira , Dibulla,44090.0,Hombre,Mayores de Edad (>18 años),-,-,-,5,-,-,1,6
La Guajira , Dibulla,44090.0,HOMBRE,TOTAL,-,-,-,5,-,-,1,6
La Guajira , Dibulla,44090.0,Mujer,Menores de Edad (<18 años),-,-,-,-,-,-,-,-
La Guajira , Dibulla,44090.0,Mujer,Mayores de Edad (>18 años),-,-,-,-,-,-,-,-
La Guajira , Dibulla,44090.0,MUJER,TOTAL,-,-,-,-,-,-,-,-
La Guajira , Dibulla,44090.0,Indeterminado,Menores de Edad (<18 años),-,-,-,-,-,-,-,-
La Guajira , Dibulla,44090.0,Indeterminado,Mayores de Edad (>18 años),-,-,-,-,-,-,-,-
La Guajira , Dibulla,44090.0,INDETERMINADO,TOTAL,-,-,-,-,-,-,-,-
La Guajira , Dibulla,44090.0,TOTAL,,-,-,-,5,-,-,1,6
La Guajira , Fonseca,44279.0,Hombre,Menores de Edad (<18 años),-,-,-,-,-,-,-,-
La Guajira , Fonseca,44279.0,Hombre,Mayores de Edad (>18 años),-,-,-,2,6,-,-,8
La Guajira , Fonseca,44279.0,HOMBRE,TOTAL,-,-,-,2,6,-,-,8
La Guajira , Fonseca,44279.0,Mujer,Menores de Edad (<18 años),-,-,-,-,-,-,-,-
La Guajira , Fonseca,44279.0,Mujer,Mayores de Edad (>18 años),-,-,-,-,-,-,-,-
La Guajira , Fonseca,44279.0,MUJER,TOTAL,-,-,-,-,-,-,-,-
La Guajira , Fonseca,44279.0,Indeterminado,Menores de Edad (<18 años),-,-,-,-,-,-,-,-
La Guajira , Fonseca,44279.0,Indeterminado,Mayores de Edad (>18 años),-,-,-,-,-,-,-,-
La Guajira , Fonseca,44279.0,INDETERMINADO,TOTAL,-,-,-,-,-,-,-,-
La Guajira , Fonseca,44279.0,TOTAL,,-,-,-,2,6,-,-,8
La Guajira , Hatonuevo,44378.0,Hombre,Menores de Edad (<18 años),-,-,-,-,-,-,-,-
La Guajira , Hatonuevo,44378.0,Hombre,Mayores de Edad (>18 años),-,-,-,-,3,-,-,3
La Guajira , Hatonuevo,44378.0,HOMBRE,TOTAL,-,-,-,-,3,-,-,3
La Guajira , Hatonuevo,44378.0,Mujer,Menores de Edad (<18 años),-,-,-,-,-,-,-,-
La Guajira , Hatonuevo,44378.0,Mujer,Mayores de Edad (>18 años),-,-,-,-,-,-,-,-
La Guajira , Hatonuevo,44378.0,MUJER,TOTAL,-,-,-,-,-,-,-,-
La Guajira , Hatonuevo,44378.0,Indeterminado,Menores de Edad (<18 años),-,-,-,-,-,-,-,-
La Guajira , Hatonuevo,44378.0,Indeterminado,Mayores de Edad (>18 años),-,-,-,-,-,-,-,-
La Guajira , Hatonuevo,44378.0,INDETERMINADO,TOTAL,-,-,-,-,-,-,-,-
La Guajira , Hatonuevo,44378.0,TOTAL,,-,-,-,-,3,-,-,3
La Guajira , Maicao,44430.0,Hombre,Menores de Edad (<18 años),-,-,-,3,-,-,-,3
La Guajira , Maicao,44430.0,Hombre,Mayores de Edad (>18 años),-,-,7,61,2,2,6,78
La Guajira , Maicao,44430.0,HOMBRE,TOTAL,-,-,7,64,2,2,6,81
La Guajira , Maicao,44430.0,Mujer,Menores de Edad (<18 años),-,-,2,-,-,-,-,2
La Guajira , Maicao,44430.0,Mujer,Mayores de Edad (>18 años),-,-,-,5,-,-,-,5
La Guajira , Maicao,44430.0,MUJER,TOTAL,-,-,2,5,-,-,-,7
La Guajira , Maicao,44430.0,Indeterminado,Menores de Edad (<18 años),-,-,-,-,-,-,-,-
La Guajira , Maicao,44430.0,Indeterminado,Mayores de Edad (>18 años),-,-,-,-,-,-,-,-
La Guajira , Maicao,44430.0,INDETERMINADO,TOTAL,-,-,-,-,-,-,-,-
La Guajira , Maicao,44430.0,TOTAL,,-,-,9,69,2,2,6,88
La Guajira , Manaure,44560.0,Hombre,Menores de Edad (<18 años),-,-,-,-,-,-,-,-
La Guajira , Manaure,44560.0,Hombre,Mayores de Edad (>18 años),-,-,-,-,-,1,-,1
La Guajira , Manaure,44560.0,HOMBRE,TOTAL,-,-,-,-,-,1,-,1
La Guajira , Manaure,44560.0,Mujer,Menores de Edad (<18 años),-,-,-,-,-,-,-,-
La Guajira , Manaure,44560.0,Mujer,Mayores de Edad (>18 años),-,-,-,-,-,-,-,-
La Guajira , Manaure,44560.0,MUJER,TOTAL,-,-,-,-,-,-,-,-
La Guajira , Manaure,44560.0,Indeterminado,Menores de Edad (<18 años),-,-,-,-,-,-,-,-
La Guajira , Manaure,44560.0,Indeterminado,Mayores de Edad (>18 años),-,-,-,-,-,-,-,-
La Guajira , Manaure,44560.0,INDETERMINADO,TOTAL,-,-,-,-,-,-,-,-
La Guajira , Manaure,44560.0,TOTAL,,-,-,-,-,-,1,-,1
La Guajira , Riohacha,44001.0,Hombre,Menores de Edad (<18 años),-,-,2,1,-,-,-,3
La Guajira , Riohacha,44001.0,Hombre,Mayores de Edad (>18 años),-,1,2,39,-,2,5,49
La Guajira , Riohacha,44001.0,HOMBRE,TOTAL,-,1,4,40,-,2,5,52
La Guajira , Riohacha,44001.0,Mujer,Menores de Edad (<18 años),-,-,-,-,-,-,-,-
La Guajira , Riohacha,44001.0,Mujer,Mayores de Edad (>18 años),-,-,-,3,-,-,-,3
La Guajira , Riohacha,44001.0,MUJER,TOTAL,-,-,-,3,-,-,-,3
La Guajira , Riohacha,44001.0,Indeterminado,Menores de Edad (<18 años),-,-,-,-,-,-,-,-
La Guajira , Riohacha,44001.0,Indeterminado,Mayores de Edad (>18 años),-,-,-,-,-,-,-,-
La Guajira , Riohacha,44001.0,INDETERMINADO,TOTAL,-,-,-,-,-,-,-,-
La Guajira , Riohacha,44001.0,TOTAL,,-,1,4,43,-,2,5,55
La Guajira , San Juan del Cesar,44650.0,Hombre,Menores de Edad (<18 años),-,-,-,-,-,-,-,-
La Guajira , San Juan del Cesar,44650.0,Hombre,Mayores de Edad (>18 años),-,-,-,1,2,-,-,3
La Guajira , San Juan del Cesar,44650.0,HOMBRE,TOTAL,-,-,-,1,2,-,-,3
La Guajira , San Juan del Cesar,44650.0,Mujer,Menores de Edad (<18 años),-,-,-,-,-,-,-,-
La Guajira , San Juan del Cesar,44650.0,Mujer,Mayores de Edad (>18 años),-,-,-,-,-,-,-,-
La Guajira , San Juan del Cesar,44650.0,MUJER,TOTAL,-,-,-,-,-,-,-,-
La Guajira , San Juan del Cesar,44650.0,Indeterminado,Menores de Edad (<18 años),-,-,-,-,-,-,-,-
La Guajira , San Juan del Cesar,44650.0,Indeterminado,Mayores de Edad (>18 años),-,-,-,-,-,-,-,-
La Guajira , San Juan del Cesar,44650.0,INDETERMINADO,TOTAL,-,-,-,-,-,-,-,-
La Guajira , San Juan del Cesar,44650.0,TOTAL,,-,-,-,1,2,-,-,3
La Guajira , Uribia,44847.0,Hombre,Menores de Edad (<18 años),-,-,-,-,-,-,-,-
La Guajira , Uribia,44847.0,Hombre,Mayores de Edad (>18 años),-,-,1,7,-,1,1,10
La Guajira , Uribia,44847.0,HOMBRE,TOTAL,-,-,1,7,-,1,1,10
La Guajira , Uribia,44847.0,Mujer,Menores de Edad (<18 años),-,-,-,-,-,-,-,-
La Guajira , Uribia,44847.0,Mujer,Mayores de Edad (>18 años),-,-,-,-,-,-,-,-
La Guajira , Uribia,44847.0,MUJER,TOTAL,-,-,-,-,-,-,-,-
La Guajira , Uribia,44847.0,Indeterminado,Menores de Edad (<18 años),-,-,-,-,-,-,-,-
La Guajira , Uribia,44847.0,Indeterminado,Mayores de Edad (>18 años),-,-,-,-,-,-,-,-
La Guajira , Uribia,44847.0,INDETERMINADO,TOTAL,-,-,-,-,-,-,-,-
La Guajira , Uribia,44847.0,TOTAL,,-,-,1,7,-,1,1,10
Magdalena , Algarrobo,47030.0,Hombre,Menores de Edad (<18 años),-,-,-,-,-,-,-,-
Magdalena , Algarrobo,47030.0,Hombre,Mayores de Edad (>18 años),-,-,-,1,-,-,1,2
Magdalena , Algarrobo,47030.0,HOMBRE,TOTAL,-,-,-,1,-,-,1,2
Magdalena , Algarrobo,47030.0,Mujer,Menores de Edad (<18 años),-,-,-,-,-,-,-,-
Magdalena , Algarrobo,47030.0,Mujer,Mayores de Edad (>18 años),-,-,-,-,-,-,-,-
Magdalena , Algarrobo,47030.0,MUJER,TOTAL,-,-,-,-,-,-,-,-
Magdalena , Algarrobo,47030.0,Indeterminado,Menores de Edad (<18 años),-,-,-,-,-,-,-,-
Magdalena , Algarrobo,47030.0,Indeterminado,Mayores de Edad (>18 años),-,-,-,-,-,-,-,-
Magdalena , Algarrobo,47030.0,INDETERMINADO,TOTAL,-,-,-,-,-,-,-,-
Magdalena , Algarrobo,47030.0,TOTAL,,-,-,-,1,-,-,1,2
Magdalena , Aracataca,47053.0,Hombre,Menores de Edad (<18 años),-,-,-,-,-,-,-,-
Magdalena , Aracataca,47053.0,Hombre,Mayores de Edad (>18 años),-,-,-,10,-,-,-,10
Magdalena , Aracataca,47053.0,HOMBRE,TOTAL,-,-,-,10,-,-,-,10
Magdalena , Aracataca,47053.0,Mujer,Menores de Edad (<18 años),-,-,-,-,-,-,-,-
Magdalena , Aracataca,47053.0,Mujer,Mayores de Edad (>18 años),-,-,-,-,-,-,-,-
Magdalena , Aracataca,47053.0,MUJER,TOTAL,-,-,-,-,-,-,-,-
Magdalena , Aracataca,47053.0,Indeterminado,Menores de Edad (<18 años),-,-,-,-,-,-,-,-
Magdalena , Aracataca,47053.0,Indeterminado,Mayores de Edad (>18 años),-,-,-,-,-,-,-,-
Magdalena , Aracataca,47053.0,INDETERMINADO,TOTAL,-,-,-,-,-,-,-,-
Magdalena , Aracataca,47053.0,TOTAL,,-,-,-,10,-,-,-,10
Magdalena , Ariguaní,47058.0,Hombre,Menores de Edad (<18 años),-,-,-,-,-,-,-,-
Magdalena , Ariguaní,47058.0,Hombre,Mayores de Edad (>18 años),-,-,-,4,-,-,-,4
Magdalena , Ariguaní,47058.0,HOMBRE,TOTAL,-,-,-,4,-,-,-,4
Magdalena , Ariguaní,47058.0,Mujer,Menores de Edad (<18 años),-,-,-,-,-,-,-,-
Magdalena , Ariguaní,47058.0,Mujer,Mayores de Edad (>18 años),-,-,-,-,-,-,-,-
Magdalena , Ariguaní,47058.0,MUJER,TOTAL,-,-,-,-,-,-,-,-
Magdalena , Ariguaní,47058.0,Indeterminado,Menores de Edad (<18 años),-,-,-,-,-,-,-,-
Magdalena , Ariguaní,47058.0,Indeterminado,Mayores de Edad (>18 años),-,-,-,-,-,-,-,-
Magdalena , Ariguaní,47058.0,INDETERMINADO,TOTAL,-,-,-,-,-,-,-,-
Magdalena , Ariguaní,47058.0,TOTAL,,-,-,-,4,-,-,-,4
Magdalena , Ciénaga,47189.0,Hombre,Menores de Edad (<18 años),-,-,-,2,-,-,-,2
Magdalena , Ciénaga,47189.0,Hombre,Mayores de Edad (>18 años),-,-,1,37,-,-,-,38
Magdalena , Ciénaga,47189.0,HOMBRE,TOTAL,-,-,1,39,-,-,-,40
Magdalena , Ciénaga,47189.0,Mujer,Menores de Edad (<18 años),-,-,-,1,-,-,-,1
Magdalena , Ciénaga,47189.0,Mujer,Mayores de Edad (>18 años),-,-,-,3,-,-,1,4
Magdalena , Ciénaga,47189.0,MUJER,TOTAL,-,-,-,4,-,-,1,5
Magdalena , Ciénaga,47189.0,Indeterminado,Menores de Edad (<18 años),-,-,-,-,-,-,-,-
Magdalena , Ciénaga,47189.0,Indeterminado,Mayores de Edad (>18 años),-,-,-,-,-,-,-,-
Magdalena , Ciénaga,47189.0,INDETERMINADO,TOTAL,-,-,-,-,-,-,-,-
Magdalena , Ciénaga,47189.0,TOTAL,,-,-,1,43,-,-,1,45
Magdalena , El Banco,47245.0,Hombre,Menores de Edad (<18 años),-,-,-,-,-,-,-,-
Magdalena , El Banco,47245.0,Hombre,Mayores de Edad (>18 años),-,-,-,5,-,-,-,5
Magdalena , El Banco,47245.0,HOMBRE,TOTAL,-,-,-,5,-,-,-,5
Magdalena , El Banco,47245.0,Mujer,Menores de Edad (<18 años),-,-,-,-,-,-,-,-
Magdalena , El Banco,47245.0,Mujer,Mayores de Edad (>18 años),-,-,-,2,-,-,-,2
Magdalena , El Banco,47245.0,MUJER,TOTAL,-,-,-,2,-,-,-,2
Magdalena , El Banco,47245.0,Indeterminado,Menores de Edad (<18 años),-,-,-,-,-,-,-,-
Magdalena , El Banco,47245.0,Indeterminado,Mayores de Edad (>18 años),-,-,-,-,-,-,-,-
Magdalena , El Banco,47245.0,INDETERMINADO,TOTAL,-,-,-,-,-,-,-,-
Magdalena , El Banco,47245.0,TOTAL,,-,-,-,7,-,-,-,7
Magdalena , El Retén,47268.0,Hombre,Menores de Edad (<18 años),-,-,-,-,-,-,-,-
Magdalena , El Retén,47268.0,Hombre,Mayores de Edad (>18 años),-,-,-,3,-,-,-,3
Magdalena , El Retén,47268.0,HOMBRE,TOTAL,-,-,-,3,-,-,-,3
Magdalena , El Retén,47268.0,Mujer,Menores de Edad (<18 años),-,-,-,-,-,-,-,-
Magdalena , El Retén,47268.0,Mujer,Mayores de Edad (>18 años),-,-,-,-,-,-,-,-
Magdalena , El Retén,47268.0,MUJER,TOTAL,-,-,-,-,-,-,-,-
Magdalena , El Retén,47268.0,Indeterminado,Menores de Edad (<18 años),-,-,-,-,-,-,-,-
Magdalena , El Retén,47268.0,Indeterminado,Mayores de Edad (>18 años),-,-,-,-,-,-,-,-
Magdalena , El Retén,47268.0,INDETERMINADO,TOTAL,-,-,-,-,-,-,-,-
Magdalena , El Retén,47268.0,TOTAL,,-,-,-,3,-,-,-,3
Magdalena , Fundación,47288.0,Hombre,Menores de Edad (<18 años),-,-,-,1,-,-,-,1
Magdalena , Fundación,47288.0,Hombre,Mayores de Edad (>18 años),-,-,-,15,-,-,-,15
Magdalena , Fundación,47288.0,HOMBRE,TOTAL,-,-,-,16,-,-,-,16
Magdalena , Fundación,47288.0,Mujer,Menores de Edad (<18 años),-,-,-,-,-,-,-,-
Magdalena , Fundación,47288.0,Mujer,Mayores de Edad (>18 años),-,-,-,1,-,-,-,1
Magdalena , Fundación,47288.0,MUJER,TOTAL,-,-,-,1,-,-,-,1
Magdalena , Fundación,47288.0,Indeterminado,Menores de Edad (<18 años),-,-,-,-,-,-,-,-
Magdalena , Fundación,47288.0,Indeterminado,Mayores de Edad (>18 años),-,-,-,-,-,-,-,-
Magdalena , Fundación,47288.0,INDETERMINADO,TOTAL,-,-,-,-,-,-,-,-
Magdalena , Fundación,47288.0,TOTAL,,-,-,-,17,-,-,-,17
Magdalena , Guamal,47318.0,Hombre,Menores de Edad (<18 años),-,-,-,-,-,-,-,-
Magdalena , Guamal,47318.0,Hombre,Mayores de Edad (>18 años),-,-,-,2,-,-,-,2
Magdalena , Guamal,47318.0,HOMBRE,TOTAL,-,-,-,2,-,-,-,2
Magdalena , Guamal,47318.0,Mujer,Menores de Edad (<18 años),-,-,-,-,-,-,-,-
Magdalena , Guamal,47318.0,Mujer,Mayores de Edad (>18 años),-,-,-,-,-,-,-,-
Magdalena , Guamal,47318.0,MUJER,TOTAL,-,-,-,-,-,-,-,-
Magdalena , Guamal,47318.0,Indeterminado,Menores de Edad (<18 años),-,-,-,-,-,-,-,-
Magdalena , Guamal,47318.0,Indeterminado,Mayores de Edad (>18 años),-,-,-,-,-,-,-,-
Magdalena , Guamal,47318.0,INDETERMINADO,TOTAL,-,-,-,-,-,-,-,-
Magdalena , Guamal,47318.0,TOTAL,,-,-,-,2,-,-,-,2
Magdalena , Nueva Granada,47460.0,Hombre,Menores de Edad (<18 años),-,-,-,-,-,-,-,-
Magdalena , Nueva Granada,47460.0,Hombre,Mayores de Edad (>18 años),-,-,-,4,-,-,-,4
Magdalena , Nueva Granada,47460.0,HOMBRE,TOTAL,-,-,-,4,-,-,-,4
Magdalena , Nueva Granada,47460.0,Mujer,Menores de Edad (<18 años),-,-,-,-,-,-,-,-
Magdalena , Nueva Granada,47460.0,Mujer,Mayores de Edad (>18 años),-,-,-,-,-,-,-,-
Magdalena , Nueva Granada,47460.0,MUJER,TOTAL,-,-,-,-,-,-,-,-
Magdalena , Nueva Granada,47460.0,Indeterminado,Menores de Edad (<18 años),-,-,-,-,-,-,-,-
Magdalena , Nueva Granada,47460.0,Indeterminado,Mayores de Edad (>18 años),-,-,-,-,-,-,-,-
Magdalena , Nueva Granada,47460.0,INDETERMINADO,TOTAL,-,-,-,-,-,-,-,-
Magdalena , Nueva Granada,47460.0,TOTAL,,-,-,-,4,-,-,-,4
Magdalena , Pedraza,47541.0,Hombre,Menores de Edad (<18 años),-,-,-,-,-,-,-,-
Magdalena , Pedraza,47541.0,Hombre,Mayores de Edad (>18 años),-,-,-,1,-,-,-,1
Magdalena , Pedraza,47541.0,HOMBRE,TOTAL,-,-,-,1,-,-,-,1
Magdalena , Pedraza,47541.0,Mujer,Menores de Edad (<18 años),-,-,-,-,-,-,-,-
Magdalena , Pedraza,47541.0,Mujer,Mayores de Edad (>18 años),-,-,-,-,-,-,-,-
Magdalena , Pedraza,47541.0,MUJER,TOTAL,-,-,-,-,-,-,-,-
Magdalena , Pedraza,47541.0,Indeterminado,Menores de Edad (<18 años),-,-,-,-,-,-,-,-
Magdalena , Pedraza,47541.0,Indeterminado,Mayores de Edad (>18 años),-,-,-,-,-,-,-,-
Magdalena , Pedraza,47541.0,INDETERMINADO,TOTAL,-,-,-,-,-,-,-,-
Magdalena , Pedraza,47541.0,TOTAL,,-,-,-,1,-,-,-,1
Magdalena , Pivijay,47551.0,Hombre,Menores de Edad (<18 años),-,-,-,-,-,-,-,-
Magdalena , Pivijay,47551.0,Hombre,Mayores de Edad (>18 años),-,-,-,6,-,-,-,6
Magdalena , Pivijay,47551.0,HOMBRE,TOTAL,-,-,-,6,-,-,-,6
Magdalena , Pivijay,47551.0,Mujer,Menores de Edad (<18 años),-,-,-,-,-,-,-,-
Magdalena , Pivijay,47551.0,Mujer,Mayores de Edad (>18 años),-,-,-,1,-,-,-,1
Magdalena , Pivijay,47551.0,MUJER,TOTAL,-,-,-,1,-,-,-,1
Magdalena , Pivijay,47551.0,Indeterminado,Menores de Edad (<18 años),-,-,-,-,-,-,-,-
Magdalena , Pivijay,47551.0,Indeterminado,Mayores de Edad (>18 años),-,-,-,-,-,-,-,-
Magdalena , Pivijay,47551.0,INDETERMINADO,TOTAL,-,-,-,-,-,-,-,-
Magdalena , Pivijay,47551.0,TOTAL,,-,-,-,7,-,-,-,7
Magdalena , Plato,47555.0,Hombre,Menores de Edad (<18 años),-,-,-,-,-,-,-,-
Magdalena , Plato,47555.0,Hombre,Mayores de Edad (>18 años),-,-,-,8,-,-,-,8
Magdalena , Plato,47555.0,HOMBRE,TOTAL,-,-,-,8,-,-,-,8
Magdalena , Plato,47555.0,Mujer,Menores de Edad (<18 años),-,-,-,-,-,-,-,-
Magdalena , Plato,47555.0,Mujer,Mayores de Edad (>18 años),-,-,-,1,-,-,-,1
Magdalena , Plato,47555.0,MUJER,TOTAL,-,-,-,1,-,-,-,1
Magdalena , Plato,47555.0,Indeterminado,Menores de Edad (<18 años),-,-,-,-,-,-,-,-
Magdalena , Plato,47555.0,Indeterminado,Mayores de Edad (>18 años),-,-,-,-,-,-,-,-
Magdalena , Plato,47555.0,INDETERMINADO,TOTAL,-,-,-,-,-,-,-,-
Magdalena , Plato,47555.0,TOTAL,,-,-,-,9,-,-,-,9
Magdalena , Puebloviejo,47570.0,Hombre,Menores de Edad (<18 años),-,-,-,-,-,-,-,-
Magdalena , Puebloviejo,47570.0,Hombre,Mayores de Edad (>18 años),-,-,-,7,-,-,-,7
Magdalena , Puebloviejo,47570.0,HOMBRE,TOTAL,-,-,-,7,-,-,-,7
Magdalena , Puebloviejo,47570.0,Mujer,Menores de Edad (<18 años),-,-,-,-,-,-,-,-
Magdalena , Puebloviejo,47570.0,Mujer,Mayores de Edad (>18 años),-,-,-,-,-,-,-,-
Magdalena , Puebloviejo,47570.0,MUJER,TOTAL,-,-,-,-,-,-,-,-
Magdalena , Puebloviejo,47570.0,Indeterminado,Menores de Edad (<18 años),-,-,-,-,-,-,-,-
Magdalena , Puebloviejo,47570.0,Indeterminado,Mayores de Edad (>18 años),-,-,-,-,-,-,-,-
Magdalena , Puebloviejo,47570.0,INDETERMINADO,TOTAL,-,-,-,-,-,-,-,-
Magdalena , Puebloviejo,47570.0,TOTAL,,-,-,-,7,-,-,-,7
Magdalena , Remolino,47605.0,Hombre,Menores de Edad (<18 años),-,-,-,-,-,-,-,-
Magdalena , Remolino,47605.0,Hombre,Mayores de Edad (>18 años),-,-,-,1,-,-,-,1
Magdalena , Remolino,47605.0,HOMBRE,TOTAL,-,-,-,1,-,-,-,1
Magdalena , Remolino,47605.0,Mujer,Menores de Edad (<18 años),-,-,-,-,-,-,-,-
Magdalena , Remolino,47605.0,Mujer,Mayores de Edad (>18 años),-,-,-,-,-,-,-,-
Magdalena , Remolino,47605.0,MUJER,TOTAL,-,-,-,-,-,-,-,-
Magdalena , Remolino,47605.0,Indeterminado,Menores de Edad (<18 años),-,-,-,-,-,-,-,-
Magdalena , Remolino,47605.0,Indeterminado,Mayores de Edad (>18 años),-,-,-,-,-,-,-,-
Magdalena , Remolino,47605.0,INDETERMINADO,TOTAL,-,-,-,-,-,-,-,-
Magdalena , Remolino,47605.0,TOTAL,,-,-,-,1,-,-,-,1
Magdalena , Sabanas de San Ángel,47660.0,Hombre,Menores de Edad (<18 años),-,-,-,-,-,-,-,-
Magdalena , Sabanas de San Ángel,47660.0,Hombre,Mayores de Edad (>18 años),-,-,-,2,-,-,-,2
Magdalena , Sabanas de San Ángel,47660.0,HOMBRE,TOTAL,-,-,-,2,-,-,-,2
Magdalena , Sabanas de San Ángel,47660.0,Mujer,Menores de Edad (<18 años),-,-,-,-,-,-,-,-
Magdalena , Sabanas de San Ángel,47660.0,Mujer,Mayores de Edad (>18 años),-,-,-,-,-,-,-,-
Magdalena , Sabanas de San Ángel,47660.0,MUJER,TOTAL,-,-,-,-,-,-,-,-
Magdalena , Sabanas de San Ángel,47660.0,Indeterminado,Menores de Edad (<18 años),-,-,-,-,-,-,-,-
Magdalena , Sabanas de San Ángel,47660.0,Indeterminado,Mayores de Edad (>18 años),-,-,-,-,-,-,-,-
Magdalena , Sabanas de San Ángel,47660.0,INDETERMINADO,TOTAL,-,-,-,-,-,-,-,-
Magdalena , Sabanas de San Ángel,47660.0,TOTAL,,-,-,-,2,-,-,-,2
Magdalena , San Zenón,47703.0,Hombre,Menores de Edad (<18 años),-,-,-,-,-,-,-,-
Magdalena , San Zenón,47703.0,Hombre,Mayores de Edad (>18 años),-,-,-,1,-,-,-,1
Magdalena , San Zenón,47703.0,HOMBRE,TOTAL,-,-,-,1,-,-,-,1
Magdalena , San Zenón,47703.0,Mujer,Menores de Edad (<18 años),-,-,-,-,-,-,-,-
Magdalena , San Zenón,47703.0,Mujer,Mayores de Edad (>18 años),-,-,-,-,-,-,-,-
Magdalena , San Zenón,47703.0,MUJER,TOTAL,-,-,-,-,-,-,-,-
Magdalena , San Zenón,47703.0,Indeterminado,Menores de Edad (<18 años),-,-,-,-,-,-,-,-
Magdalena , San Zenón,47703.0,Indeterminado,Mayores de Edad (>18 años),-,-,-,-,-,-,-,-
Magdalena , San Zenón,47703.0,INDETERMINADO,TOTAL,-,-,-,-,-,-,-,-
Magdalena , San Zenón,47703.0,TOTAL,,-,-,-,1,-,-,-,1
Magdalena , Santa Ana,47707.0,Hombre,Menores de Edad (<18 años),-,-,-,-,-,-,-,-
Magdalena , Santa Ana,47707.0,Hombre,Mayores de Edad (>18 años),-,-,-,1,-,-,-,1
Magdalena , Santa Ana,47707.0,HOMBRE,TOTAL,-,-,-,1,-,-,-,1
Magdalena , Santa Ana,47707.0,Mujer,Menores de Edad (<18 años),-,-,-,-,-,-,-,-
Magdalena , Santa Ana,47707.0,Mujer,Mayores de Edad (>18 años),-,-,-,-,-,-,-,-
Magdalena , Santa Ana,47707.0,MUJER,TOTAL,-,-,-,-,-,-,-,-
Magdalena , Santa Ana,47707.0,Indeterminado,Menores de Edad (<18 años),-,-,-,-,-,-,-,-
Magdalena , Santa Ana,47707.0,Indeterminado,Mayores de Edad (>18 años),-,-,-,-,-,-,-,-
Magdalena , Santa Ana,47707.0,INDETERMINADO,TOTAL,-,-,-,-,-,-,-,-
Magdalena , Santa Ana,47707.0,TOTAL,,-,-,-,1,-,-,-,1
Magdalena , Santa Marta,47001.0,Hombre,Menores de Edad (<18 años),-,-,-,-,-,-,-,-
Magdalena , Santa Marta,47001.0,Hombre,Mayores de Edad (>18 años),-,8,-,94,2,2,8,114
Magdalena , Santa Marta,47001.0,HOMBRE,TOTAL,-,8,-,94,2,2,8,114
Magdalena , Santa Marta,47001.0,Mujer,Menores de Edad (<18 años),-,-,-,-,-,-,-,-
Magdalena , Santa Marta,47001.0,Mujer,Mayores de Edad (>18 años),-,-,-,12,-,-,1,13
Magdalena , Santa Marta,47001.0,MUJER,TOTAL,-,-,-,12,-,-,1,13
Magdalena , Santa Marta,47001.0,Indeterminado,Menores de Edad (<18 años),-,-,-,-,-,-,-,-
Magdalena , Santa Marta,47001.0,Indeterminado,Mayores de Edad (>18 años),-,-,-,-,-,-,-,-
Magdalena , Santa Marta,47001.0,INDETERMINADO,TOTAL,-,-,-,-,-,-,-,-
Magdalena , Santa Marta,47001.0,TOTAL,,-,8,-,106,2,2,9,127
Magdalena , Sitionuevo,47745.0,Hombre,Menores de Edad (<18 años),-,-,-,-,-,-,-,-
Magdalena , Sitionuevo,47745.0,Hombre,Mayores de Edad (>18 años),-,-,-,6,-,-,1,7
Magdalena , Sitionuevo,47745.0,HOMBRE,TOTAL,-,-,-,6,-,-,1,7
Magdalena , Sitionuevo,47745.0,Mujer,Menores de Edad (<18 años),-,-,-,-,-,-,-,-
Magdalena , Sitionuevo,47745.0,Mujer,Mayores de Edad (>18 años),-,-,-,-,-,-,-,-
Magdalena , Sitionuevo,47745.0,MUJER,TOTAL,-,-,-,-,-,-,-,-
Magdalena , Sitionuevo,47745.0,Indeterminado,Menores de Edad (<18 años),-,-,-,-,-,-,-,-
Magdalena , Sitionuevo,47745.0,Indeterminado,Mayores de Edad (>18 años),-,-,-,-,-,-,-,-
Magdalena , Sitionuevo,47745.0,INDETERMINADO,TOTAL,-,-,-,-,-,-,-,-
Magdalena , Sitionuevo,47745.0,TOTAL,,-,-,-,6,-,-,1,7
Magdalena , Zona Bananera,47980.0,Hombre,Menores de Edad (<18 años),-,-,-,3,-,-,-,3
Magdalena , Zona Bananera,47980.0,Hombre,Mayores de Edad (>18 años),-,1,1,24,-,-,-,26
Magdalena , Zona Bananera,47980.0,HOMBRE,TOTAL,-,1,1,27,-,-,-,29
Magdalena , Zona Bananera,47980.0,Mujer,Menores de Edad (<18 años),-,-,-,-,-,-,-,-
Magdalena , Zona Bananera,47980.0,Mujer,Mayores de Edad (>18 años),-,-,-,1,-,-,-,1
Magdalena , Zona Bananera,47980.0,MUJER,TOTAL,-,-,-,1,-,-,-,1
Magdalena , Zona Bananera,47980.0,Indeterminado,Menores de Edad (<18 años),-,-,-,-,-,-,-,-
Magdalena , Zona Bananera,47980.0,Indeterminado,Mayores de Edad (>18 años),-,-,-,-,-,-,-,-
Magdalena , Zona Bananera,47980.0,INDETERMINADO,TOTAL,-,-,-,-,-,-,-,-
Magdalena , Zona Bananera,47980.0,TOTAL,,-,1,1,28,-,-,-,30
Meta , Acacías,50006.0,Hombre,Menores de Edad (<18 años),-,-,-,1,-,-,-,1
Meta , Acacías,50006.0,Hombre,Mayores de Edad (>18 años),-,-,-,14,-,-,2,16
Meta , Acacías,50006.0,HOMBRE,TOTAL,-,-,-,15,-,-,2,17
Meta , Acacías,50006.0,Mujer,Menores de Edad (<18 años),-,-,-,-,-,-,-,-
Meta , Acacías,50006.0,Mujer,Mayores de Edad (>18 años),-,-,-,2,-,-,-,2
Meta , Acacías,50006.0,MUJER,TOTAL,-,-,-,2,-,-,-,2
Meta , Acacías,50006.0,Indeterminado,Menores de Edad (<18 años),-,-,-,-,-,-,-,-
Meta , Acacías,50006.0,Indeterminado,Mayores de Edad (>18 años),-,-,-,-,-,-,-,-
Meta , Acacías,50006.0,INDETERMINADO,TOTAL,-,-,-,-,-,-,-,-
Meta , Acacías,50006.0,TOTAL,,-,-,-,17,-,-,2,19
Meta , Barranca de Upía,50110.0,Hombre,Menores de Edad (<18 años),-,-,-,-,-,-,-,-
Meta , Barranca de Upía,50110.0,Hombre,Mayores de Edad (>18 años),-,-,-,5,-,-,-,5
Meta , Barranca de Upía,50110.0,HOMBRE,TOTAL,-,-,-,5,-,-,-,5
Meta , Barranca de Upía,50110.0,Mujer,Menores de Edad (<18 años),-,-,-,-,-,-,-,-
Meta , Barranca de Upía,50110.0,Mujer,Mayores de Edad (>18 años),-,-,-,-,-,-,-,-
Meta , Barranca de Upía,50110.0,MUJER,TOTAL,-,-,-,-,-,-,-,-
Meta , Barranca de Upía,50110.0,Indeterminado,Menores de Edad (<18 años),-,-,-,-,-,-,-,-
Meta , Barranca de Upía,50110.0,Indeterminado,Mayores de Edad (>18 años),-,-,-,-,-,-,-,-
Meta , Barranca de Upía,50110.0,INDETERMINADO,TOTAL,-,-,-,-,-,-,-,-
Meta , Barranca de Upía,50110.0,TOTAL,,-,-,-,5,-,-,-,5
Meta , Cabuyaro,50124.0,Hombre,Menores de Edad (<18 años),-,-,-,-,-,-,-,-
Meta , Cabuyaro,50124.0,Hombre,Mayores de Edad (>18 años),-,-,-,1,-,-,-,1
Meta , Cabuyaro,50124.0,HOMBRE,TOTAL,-,-,-,1,-,-,-,1
Meta , Cabuyaro,50124.0,Mujer,Menores de Edad (<18 años),-,-,-,-,-,-,-,-
Meta , Cabuyaro,50124.0,Mujer,Mayores de Edad (>18 años),-,-,-,-,-,-,-,-
Meta , Cabuyaro,50124.0,MUJER,TOTAL,-,-,-,-,-,-,-,-
Meta , Cabuyaro,50124.0,Indeterminado,Menores de Edad (<18 años),-,-,-,-,-,-,-,-
Meta , Cabuyaro,50124.0,Indeterminado,Mayores de Edad (>18 años),-,-,-,-,-,-,-,-
Meta , Cabuyaro,50124.0,INDETERMINADO,TOTAL,-,-,-,-,-,-,-,-
Meta , Cabuyaro,50124.0,TOTAL,,-,-,-,1,-,-,-,1
Meta , Castilla la Nueva,50150.0,Hombre,Menores de Edad (<18 años),-,-,-,1,-,-,-,1
Meta , Castilla la Nueva,50150.0,Hombre,Mayores de Edad (>18 años),-,-,-,1,-,-,-,1
Meta , Castilla la Nueva,50150.0,HOMBRE,TOTAL,-,-,-,2,-,-,-,2
Meta , Castilla la Nueva,50150.0,Mujer,Menores de Edad (<18 años),-,-,-,-,-,-,-,-
Meta , Castilla la Nueva,50150.0,Mujer,Mayores de Edad (>18 años),-,-,-,-,-,1,-,1
Meta , Castilla la Nueva,50150.0,MUJER,TOTAL,-,-,-,-,-,1,-,1
Meta , Castilla la Nueva,50150.0,Indeterminado,Menores de Edad (<18 años),-,-,-,-,-,-,-,-
Meta , Castilla la Nueva,50150.0,Indeterminado,Mayores de Edad (>18 años),-,-,-,-,-,-,-,-
Meta , Castilla la Nueva,50150.0,INDETERMINADO,TOTAL,-,-,-,-,-,-,-,-
Meta , Castilla la Nueva,50150.0,TOTAL,,-,-,-,2,-,1,-,3
Meta , Cumaral,50226.0,Hombre,Menores de Edad (<18 años),-,-,-,-,-,-,-,-
Meta , Cumaral,50226.0,Hombre,Mayores de Edad (>18 años),-,-,-,-,-,-,1,1
Meta , Cumaral,50226.0,HOMBRE,TOTAL,-,-,-,-,-,-,1,1
Meta , Cumaral,50226.0,Mujer,Menores de Edad (<18 años),-,-,-,-,-,-,-,-
Meta , Cumaral,50226.0,Mujer,Mayores de Edad (>18 años),-,-,-,1,-,-,-,1
Meta , Cumaral,50226.0,MUJER,TOTAL,-,-,-,1,-,-,-,1
Meta , Cumaral,50226.0,Indeterminado,Menores de Edad (<18 años),-,-,-,-,-,-,-,-
Meta , Cumaral,50226.0,Indeterminado,Mayores de Edad (>18 años),-,-,-,-,-,-,-,-
Meta , Cumaral,50226.0,INDETERMINADO,TOTAL,-,-,-,-,-,-,-,-
Meta , Cumaral,50226.0,TOTAL,,-,-,-,1,-,-,1,2
Meta , El Castillo,50251.0,Hombre,Menores de Edad (<18 años),-,-,-,-,-,-,-,-
Meta , El Castillo,50251.0,Hombre,Mayores de Edad (>18 años),-,-,-,2,-,-,-,2
Meta , El Castillo,50251.0,HOMBRE,TOTAL,-,-,-,2,-,-,-,2
Meta , El Castillo,50251.0,Mujer,Menores de Edad (<18 años),-,-,-,-,-,-,-,-
Meta , El Castillo,50251.0,Mujer,Mayores de Edad (>18 años),-,-,-,-,-,-,-,-
Meta , El Castillo,50251.0,MUJER,TOTAL,-,-,-,-,-,-,-,-
Meta , El Castillo,50251.0,Indeterminado,Menores de Edad (<18 años),-,-,-,-,-,-,-,-
Meta , El Castillo,50251.0,Indeterminado,Mayores de Edad (>18 años),-,-,-,-,-,-,-,-
Meta , El Castillo,50251.0,INDETERMINADO,TOTAL,-,-,-,-,-,-,-,-
Meta , El Castillo,50251.0,TOTAL,,-,-,-,2,-,-,-,2
Meta , Fuente de Oro,50287.0,Hombre,Menores de Edad (<18 años),-,-,-,-,-,-,-,-
Meta , Fuente de Oro,50287.0,Hombre,Mayores de Edad (>18 años),-,-,-,1,-,-,1,2
Meta , Fuente de Oro,50287.0,HOMBRE,TOTAL,-,-,-,1,-,-,1,2
Meta , Fuente de Oro,50287.0,Mujer,Menores de Edad (<18 años),-,-,-,-,-,-,-,-
Meta , Fuente de Oro,50287.0,Mujer,Mayores de Edad (>18 años),-,-,-,-,-,-,-,-
Meta , Fuente de Oro,50287.0,MUJER,TOTAL,-,-,-,-,-,-,-,-
Meta , Fuente de Oro,50287.0,Indeterminado,Menores de Edad (<18 años),-,-,-,-,-,-,-,-
Meta , Fuente de Oro,50287.0,Indeterminado,Mayores de Edad (>18 años),-,-,-,-,-,-,-,-
Meta , Fuente de Oro,50287.0,INDETERMINADO,TOTAL,-,-,-,-,-,-,-,-
Meta , Fuente de Oro,50287.0,TOTAL,,-,-,-,1,-,-,1,2
Meta , Granada,50313.0,Hombre,Menores de Edad (<18 años),-,-,-,-,-,-,-,-
Meta , Granada,50313.0,Hombre,Mayores de Edad (>18 años),-,-,-,20,-,1,-,21
Meta , Granada,50313.0,HOMBRE,TOTAL,-,-,-,20,-,1,-,21
Meta , Granada,50313.0,Mujer,Menores de Edad (<18 años),-,-,-,-,-,-,-,-
Meta , Granada,50313.0,Mujer,Mayores de Edad (>18 años),-,-,-,1,-,-,-,1
Meta , Granada,50313.0,MUJER,TOTAL,-,-,-,1,-,-,-,1
Meta , Granada,50313.0,Indeterminado,Menores de Edad (<18 años),-,-,-,-,-,-,-,-
Meta , Granada,50313.0,Indeterminado,Mayores de Edad (>18 años),-,-,-,-,-,-,-,-
Meta , Granada,50313.0,INDETERMINADO,TOTAL,-,-,-,-,-,-,-,-
Meta , Granada,50313.0,TOTAL,,-,-,-,21,-,1,-,22
Meta , Guamal,50318.0,Hombre,Menores de Edad (<18 años),-,-,-,-,-,-,-,-
Meta , Guamal,50318.0,Hombre,Mayores de Edad (>18 años),-,1,-,5,-,-,-,6
Meta , Guamal,50318.0,HOMBRE,TOTAL,-,1,-,5,-,-,-,6
Meta , Guamal,50318.0,Mujer,Menores de Edad (<18 años),-,-,-,-,-,-,-,-
Meta , Guamal,50318.0,Mujer,Mayores de Edad (>18 años),-,-,-,-,-,-,-,-
Meta , Guamal,50318.0,MUJER,TOTAL,-,-,-,-,-,-,-,-
Meta , Guamal,50318.0,Indeterminado,Menores de Edad (<18 años),-,-,-,-,-,-,-,-
Meta , Guamal,50318.0,Indeterminado,Mayores de Edad (>18 años),-,-,-,-,-,-,-,-
Meta , Guamal,50318.0,INDETERMINADO,TOTAL,-,-,-,-,-,-,-,-
Meta , Guamal,50318.0,TOTAL,,-,1,-,5,-,-,-,6
Meta , La Macarena,50350.0,Hombre,Menores de Edad (<18 años),-,-,-,-,-,-,-,-
Meta , La Macarena,50350.0,Hombre,Mayores de Edad (>18 años),-,-,-,20,-,-,6,26
Meta , La Macarena,50350.0,HOMBRE,TOTAL,-,-,-,20,-,-,6,26
Meta , La Macarena,50350.0,Mujer,Menores de Edad (<18 años),-,-,-,-,-,-,-,-
Meta , La Macarena,50350.0,Mujer,Mayores de Edad (>18 años),-,-,-,3,-,-,-,3
Meta , La Macarena,50350.0,MUJER,TOTAL,-,-,-,3,-,-,-,3
Meta , La Macarena,50350.0,Indeterminado,Menores de Edad (<18 años),-,-,-,-,-,-,-,-
Meta , La Macarena,50350.0,Indeterminado,Mayores de Edad (>18 años),-,-,-,-,-,-,-,-
Meta , La Macarena,50350.0,INDETERMINADO,TOTAL,-,-,-,-,-,-,-,-
Meta , La Macarena,50350.0,TOTAL,,-,-,-,23,-,-,6,29
Meta , Mapiripán,50325.0,Hombre,Menores de Edad (<18 años),-,-,-,-,-,-,-,-
Meta , Mapiripán,50325.0,Hombre,Mayores de Edad (>18 años),-,-,-,3,-,-,-,3
Meta , Mapiripán,50325.0,HOMBRE,TOTAL,-,-,-,3,-,-,-,3
Meta , Mapiripán,50325.0,Mujer,Menores de Edad (<18 años),-,1,1,-,-,-,-,2
Meta , Mapiripán,50325.0,Mujer,Mayores de Edad (>18 años),-,-,-,-,-,-,-,-
Meta , Mapiripán,50325.0,MUJER,TOTAL,-,1,1,-,-,-,-,2
Meta , Mapiripán,50325.0,Indeterminado,Menores de Edad (<18 años),-,-,-,-,-,-,-,-
Meta , Mapiripán,50325.0,Indeterminado,Mayores de Edad (>18 años),-,-,-,-,-,-,-,-
Meta , Mapiripán,50325.0,INDETERMINADO,TOTAL,-,-,-,-,-,-,-,-
Meta , Mapiripán,50325.0,TOTAL,,-,1,1,3,-,-,-,5
Meta , Mesetas,50330.0,Hombre,Menores de Edad (<18 años),-,-,-,-,-,-,-,-
Meta , Mesetas,50330.0,Hombre,Mayores de Edad (>18 años),-,-,-,5,-,-,-,5
Meta , Mesetas,50330.0,HOMBRE,TOTAL,-,-,-,5,-,-,-,5
Meta , Mesetas,50330.0,Mujer,Menores de Edad (<18 años),-,-,-,-,-,-,-,-
Meta , Mesetas,50330.0,Mujer,Mayores de Edad (>18 años),-,-,-,-,-,-,-,-
Meta , Mesetas,50330.0,MUJER,TOTAL,-,-,-,-,-,-,-,-
Meta , Mesetas,50330.0,Indeterminado,Menores de Edad (<18 años),-,-,-,-,-,-,-,-
Meta , Mesetas,50330.0,Indeterminado,Mayores de Edad (>18 años),-,-,-,-,-,-,-,-
Meta , Mesetas,50330.0,INDETERMINADO,TOTAL,-,-,-,-,-,-,-,-
Meta , Mesetas,50330.0,TOTAL,,-,-,-,5,-,-,-,5
Meta , Puerto Concordia,50450.0,Hombre,Menores de Edad (<18 años),-,-,-,-,-,-,-,-
Meta , Puerto Concordia,50450.0,Hombre,Mayores de Edad (>18 años),-,-,-,-,-,-,2,2
Meta , Puerto Concordia,50450.0,HOMBRE,TOTAL,-,-,-,-,-,-,2,2
Meta , Puerto Concordia,50450.0,Mujer,Menores de Edad (<18 años),-,-,-,-,-,-,-,-
Meta , Puerto Concordia,50450.0,Mujer,Mayores de Edad (>18 años),-,-,-,-,-,-,-,-
Meta , Puerto Concordia,50450.0,MUJER,TOTAL,-,-,-,-,-,-,-,-
Meta , Puerto Concordia,50450.0,Indeterminado,Menores de Edad (<18 años),-,-,-,-,-,-,-,-
Meta , Puerto Concordia,50450.0,Indeterminado,Mayores de Edad (>18 años),-,-,-,-,-,-,-,-
Meta , Puerto Concordia,50450.0,INDETERMINADO,TOTAL,-,-,-,-,-,-,-,-
Meta , Puerto Concordia,50450.0,TOTAL,,-,-,-,-,-,-,2,2
Meta , Puerto Gaitán,50568.0,Hombre,Menores de Edad (<18 años),-,-,1,-,-,-,-,1
Meta , Puerto Gaitán,50568.0,Hombre,Mayores de Edad (>18 años),-,-,1,13,-,1,-,15
Meta , Puerto Gaitán,50568.0,HOMBRE,TOTAL,-,-,2,13,-,1,-,16
Meta , Puerto Gaitán,50568.0,Mujer,Menores de Edad (<18 años),-,-,-,-,-,-,-,-
Meta , Puerto Gaitán,50568.0,Mujer,Mayores de Edad (>18 años),-,-,-,4,-,-,-,4
Meta , Puerto Gaitán,50568.0,MUJER,TOTAL,-,-,-,4,-,-,-,4
Meta , Puerto Gaitán,50568.0,Indeterminado,Menores de Edad (<18 años),-,-,-,-,-,-,-,-
Meta , Puerto Gaitán,50568.0,Indeterminado,Mayores de Edad (>18 años),-,-,-,-,-,-,-,-
Meta , Puerto Gaitán,50568.0,INDETERMINADO,TOTAL,-,-,-,-,-,-,-,-
Meta , Puerto Gaitán,50568.0,TOTAL,,-,-,2,17,-,1,-,20
Meta , Puerto Lleras,50577.0,Hombre,Menores de Edad (<18 años),-,-,-,-,-,-,-,-
Meta , Puerto Lleras,50577.0,Hombre,Mayores de Edad (>18 años),-,-,-,3,-,-,-,3
Meta , Puerto Lleras,50577.0,HOMBRE,TOTAL,-,-,-,3,-,-,-,3
Meta , Puerto Lleras,50577.0,Mujer,Menores de Edad (<18 años),-,-,-,-,-,-,-,-
Meta , Puerto Lleras,50577.0,Mujer,Mayores de Edad (>18 años),-,-,-,-,-,-,-,-
Meta , Puerto Lleras,50577.0,MUJER,TOTAL,-,-,-,-,-,-,-,-
Meta , Puerto Lleras,50577.0,Indeterminado,Menores de Edad (<18 años),-,-,-,-,-,-,-,-
Meta , Puerto Lleras,50577.0,Indeterminado,Mayores de Edad (>18 años),-,-,-,-,-,-,-,-
Meta , Puerto Lleras,50577.0,INDETERMINADO,TOTAL,-,-,-,-,-,-,-,-
Meta , Puerto Lleras,50577.0,TOTAL,,-,-,-,3,-,-,-,3
Meta , Puerto López,50573.0,Hombre,Menores de Edad (<18 años),-,-,-,-,-,-,-,-
Meta , Puerto López,50573.0,Hombre,Mayores de Edad (>18 años),-,-,-,7,-,-,-,7
Meta , Puerto López,50573.0,HOMBRE,TOTAL,-,-,-,7,-,-,-,7
Meta , Puerto López,50573.0,Mujer,Menores de Edad (<18 años),-,-,-,-,-,-,-,-
Meta , Puerto López,50573.0,Mujer,Mayores de Edad (>18 años),-,-,-,-,-,-,-,-
Meta , Puerto López,50573.0,MUJER,TOTAL,-,-,-,-,-,-,-,-
Meta , Puerto López,50573.0,Indeterminado,Menores de Edad (<18 años),-,-,-,-,-,-,-,-
Meta , Puerto López,50573.0,Indeterminado,Mayores de Edad (>18 años),-,-,-,-,-,-,-,-
Meta , Puerto López,50573.0,INDETERMINADO,TOTAL,-,-,-,-,-,-,-,-
Meta , Puerto López,50573.0,TOTAL,,-,-,-,7,-,-,-,7
Meta , Puerto Rico,50590.0,Hombre,Menores de Edad (<18 años),-,-,-,-,-,-,-,-
Meta , Puerto Rico,50590.0,Hombre,Mayores de Edad (>18 años),-,-,-,2,-,-,-,2
Meta , Puerto Rico,50590.0,HOMBRE,TOTAL,-,-,-,2,-,-,-,2
Meta , Puerto Rico,50590.0,Mujer,Menores de Edad (<18 años),-,-,-,-,-,-,-,-
Meta , Puerto Rico,50590.0,Mujer,Mayores de Edad (>18 años),-,-,-,-,-,-,-,-
Meta , Puerto Rico,50590.0,MUJER,TOTAL,-,-,-,-,-,-,-,-
Meta , Puerto Rico,50590.0,Indeterminado,Menores de Edad (<18 años),-,-,-,-,-,-,-,-
Meta , Puerto Rico,50590.0,Indeterminado,Mayores de Edad (>18 años),-,-,-,-,-,-,-,-
Meta , Puerto Rico,50590.0,INDETERMINADO,TOTAL,-,-,-,-,-,-,-,-
Meta , Puerto Rico,50590.0,TOTAL,,-,-,-,2,-,-,-,2
Meta , Restrepo,50606.0,Hombre,Menores de Edad (<18 años),-,-,-,-,-,-,-,-
Meta , Restrepo,50606.0,Hombre,Mayores de Edad (>18 años),-,-,-,-,-,-,-,-
Meta , Restrepo,50606.0,HOMBRE,TOTAL,-,-,-,-,-,-,-,-
Meta , Restrepo,50606.0,Mujer,Menores de Edad (<18 años),-,-,-,-,-,-,-,-
Meta , Restrepo,50606.0,Mujer,Mayores de Edad (>18 años),-,-,-,2,-,-,-,2
Meta , Restrepo,50606.0,MUJER,TOTAL,-,-,-,2,-,-,-,2
Meta , Restrepo,50606.0,Indeterminado,Menores de Edad (<18 años),-,-,-,-,-,-,-,-
Meta , Restrepo,50606.0,Indeterminado,Mayores de Edad (>18 años),-,-,-,-,-,-,-,-
Meta , Restrepo,50606.0,INDETERMINADO,TOTAL,-,-,-,-,-,-,-,-
Meta , Restrepo,50606.0,TOTAL,,-,-,-,2,-,-,-,2
Meta , San Carlos de Guaroa,50680.0,Hombre,Menores de Edad (<18 años),-,-,-,-,-,-,-,-
Meta , San Carlos de Guaroa,50680.0,Hombre,Mayores de Edad (>18 años),-,-,-,2,-,-,1,3
Meta , San Carlos de Guaroa,50680.0,HOMBRE,TOTAL,-,-,-,2,-,-,1,3
Meta , San Carlos de Guaroa,50680.0,Mujer,Menores de Edad (<18 años),-,-,-,-,-,-,-,-
Meta , San Carlos de Guaroa,50680.0,Mujer,Mayores de Edad (>18 años),-,-,-,-,-,-,-,-
Meta , San Carlos de Guaroa,50680.0,MUJER,TOTAL,-,-,-,-,-,-,-,-
Meta , San Carlos de Guaroa,50680.0,Indeterminado,Menores de Edad (<18 años),-,-,-,-,-,-,-,-
Meta , San Carlos de Guaroa,50680.0,Indeterminado,Mayores de Edad (>18 años),-,-,-,-,-,-,-,-
Meta , San Carlos de Guaroa,50680.0,INDETERMINADO,TOTAL,-,-,-,-,-,-,-,-
Meta , San Carlos de Guaroa,50680.0,TOTAL,,-,-,-,2,-,-,1,3
Meta , San Juan de Arama,50683.0,Hombre,Menores de Edad (<18 años),-,-,-,-,-,-,-,-
Meta , San Juan de Arama,50683.0,Hombre,Mayores de Edad (>18 años),-,-,-,5,-,-,-,5
Meta , San Juan de Arama,50683.0,HOMBRE,TOTAL,-,-,-,5,-,-,-,5
Meta , San Juan de Arama,50683.0,Mujer,Menores de Edad (<18 años),-,-,-,-,-,-,-,-
Meta , San Juan de Arama,50683.0,Mujer,Mayores de Edad (>18 años),-,-,-,-,-,-,-,-
Meta , San Juan de Arama,50683.0,MUJER,TOTAL,-,-,-,-,-,-,-,-
Meta , San Juan de Arama,50683.0,Indeterminado,Menores de Edad (<18 años),-,-,-,-,-,-,-,-
Meta , San Juan de Arama,50683.0,Indeterminado,Mayores de Edad (>18 años),-,-,-,-,-,-,-,-
Meta , San Juan de Arama,50683.0,INDETERMINADO,TOTAL,-,-,-,-,-,-,-,-
Meta , San Juan de Arama,50683.0,TOTAL,,-,-,-,5,-,-,-,5
Meta , San Martín,50689.0,Hombre,Menores de Edad (<18 años),-,-,-,-,-,-,-,-
Meta , San Martín,50689.0,Hombre,Mayores de Edad (>18 años),-,-,-,11,-,-,1,12
Meta , San Martín,50689.0,HOMBRE,TOTAL,-,-,-,11,-,-,1,12
Meta , San Martín,50689.0,Mujer,Menores de Edad (<18 años),-,-,-,-,-,-,-,-
Meta , San Martín,50689.0,Mujer,Mayores de Edad (>18 años),-,-,-,-,-,-,-,-
Meta , San Martín,50689.0,MUJER,TOTAL,-,-,-,-,-,-,-,-
Meta , San Martín,50689.0,Indeterminado,Menores de Edad (<18 años),-,-,-,-,-,-,-,-
Meta , San Martín,50689.0,Indeterminado,Mayores de Edad (>18 años),-,-,-,-,-,-,-,-
Meta , San Martín,50689.0,INDETERMINADO,TOTAL,-,-,-,-,-,-,-,-
Meta , San Martín,50689.0,TOTAL,,-,-,-,11,-,-,1,12
Meta , Uribe,50370.0,Hombre,Menores de Edad (<18 años),-,-,-,1,-,-,-,1
Meta , Uribe,50370.0,Hombre,Mayores de Edad (>18 años),-,-,-,8,-,-,1,9
Meta , Uribe,50370.0,HOMBRE,TOTAL,-,-,-,9,-,-,1,10
Meta , Uribe,50370.0,Mujer,Menores de Edad (<18 años),-,-,-,-,-,-,-,-
Meta , Uribe,50370.0,Mujer,Mayores de Edad (>18 años),-,-,-,-,-,-,-,-
Meta , Uribe,50370.0,MUJER,TOTAL,-,-,-,-,-,-,-,-
Meta , Uribe,50370.0,Indeterminado,Menores de Edad (<18 años),-,-,-,-,-,-,-,-
Meta , Uribe,50370.0,Indeterminado,Mayores de Edad (>18 años),-,-,-,-,-,-,-,-
Meta , Uribe,50370.0,INDETERMINADO,TOTAL,-,-,-,-,-,-,-,-
Meta , Uribe,50370.0,TOTAL,,-,-,-,9,-,-,1,10
Meta , Villavicencio,50001.0,Hombre,Menores de Edad (<18 años),-,-,-,6,-,-,1,7
Meta , Villavicencio,50001.0,Hombre,Mayores de Edad (>18 años),-,-,-,80,-,-,4,84
Meta , Villavicencio,50001.0,HOMBRE,TOTAL,-,-,-,86,-,-,5,91
Meta , Villavicencio,50001.0,Mujer,Menores de Edad (<18 años),-,-,-,-,-,-,-,-
Meta , Villavicencio,50001.0,Mujer,Mayores de Edad (>18 años),-,1,-,7,-,-,-,8
Meta , Villavicencio,50001.0,MUJER,TOTAL,-,1,-,7,-,-,-,8
Meta , Villavicencio,50001.0,Indeterminado,Menores de Edad (<18 años),-,-,-,-,-,-,-,-
Meta , Villavicencio,50001.0,Indeterminado,Mayores de Edad (>18 años),-,-,-,-,-,-,-,-
Meta , Villavicencio,50001.0,INDETERMINADO,TOTAL,-,-,-,-,-,-,-,-
Meta , Villavicencio,50001.0,TOTAL,,-,1,-,93,-,-,5,99
Meta , Vistahermosa,50711.0,Hombre,Menores de Edad (<18 años),-,-,-,-,-,-,-,-
Meta , Vistahermosa,50711.0,Hombre,Mayores de Edad (>18 años),-,-,-,7,-,-,1,8
Meta , Vistahermosa,50711.0,HOMBRE,TOTAL,-,-,-,7,-,-,1,8
Meta , Vistahermosa,50711.0,Mujer,Menores de Edad (<18 años),-,-,-,-,-,-,-,-
Meta , Vistahermosa,50711.0,Mujer,Mayores de Edad (>18 años),-,-,-,1,-,1,-,2
Meta , Vistahermosa,50711.0,MUJER,TOTAL,-,-,-,1,-,1,-,2
Meta , Vistahermosa,50711.0,Indeterminado,Menores de Edad (<18 años),-,-,-,-,-,-,-,-
Meta , Vistahermosa,50711.0,Indeterminado,Mayores de Edad (>18 años),-,-,-,-,-,-,-,-
Meta , Vistahermosa,50711.0,INDETERMINADO,TOTAL,-,-,-,-,-,-,-,-
Meta , Vistahermosa,50711.0,TOTAL,,-,-,-,8,-,1,1,10
Nariño , Albán,52019.0,Hombre,Menores de Edad (<18 años),-,-,-,-,-,-,-,-
Nariño , Albán,52019.0,Hombre,Mayores de Edad (>18 años),-,-,-,-,-,-,-,-
Nariño , Albán,52019.0,HOMBRE,TOTAL,-,-,-,-,-,-,-,-
Nariño , Albán,52019.0,Mujer,Menores de Edad (<18 años),-,-,-,-,-,-,-,-
Nariño , Albán,52019.0,Mujer,Mayores de Edad (>18 años),-,-,-,1,-,-,-,1
Nariño , Albán,52019.0,MUJER,TOTAL,-,-,-,1,-,-,-,1
Nariño , Albán,52019.0,Indeterminado,Menores de Edad (<18 años),-,-,-,-,-,-,-,-
Nariño , Albán,52019.0,Indeterminado,Mayores de Edad (>18 años),-,-,-,-,-,-,-,-
Nariño , Albán,52019.0,INDETERMINADO,TOTAL,-,-,-,-,-,-,-,-
Nariño , Albán,52019.0,TOTAL,,-,-,-,1,-,-,-,1
Nariño , Aldana,52022.0,Hombre,Menores de Edad (<18 años),-,-,-,-,-,-,-,-
Nariño , Aldana,52022.0,Hombre,Mayores de Edad (>18 años),-,-,1,-,-,-,-,1
Nariño , Aldana,52022.0,HOMBRE,TOTAL,-,-,1,-,-,-,-,1
Nariño , Aldana,52022.0,Mujer,Menores de Edad (<18 años),-,-,-,-,-,-,-,-
Nariño , Aldana,52022.0,Mujer,Mayores de Edad (>18 años),-,-,-,-,-,-,-,-
Nariño , Aldana,52022.0,MUJER,TOTAL,-,-,-,-,-,-,-,-
Nariño , Aldana,52022.0,Indeterminado,Menores de Edad (<18 años),-,-,-,-,-,-,-,-
Nariño , Aldana,52022.0,Indeterminado,Mayores de Edad (>18 años),-,-,-,-,-,-,-,-
Nariño , Aldana,52022.0,INDETERMINADO,TOTAL,-,-,-,-,-,-,-,-
Nariño , Aldana,52022.0,TOTAL,,-,-,1,-,-,-,-,1
Nariño , Barbacoas,52079.0,Hombre,Menores de Edad (<18 años),-,-,-,-,-,-,-,-
Nariño , Barbacoas,52079.0,Hombre,Mayores de Edad (>18 años),-,-,1,3,-,2,-,6
Nariño , Barbacoas,52079.0,HOMBRE,TOTAL,-,-,1,3,-,2,-,6
Nariño , Barbacoas,52079.0,Mujer,Menores de Edad (<18 años),-,-,-,-,-,-,-,-
Nariño , Barbacoas,52079.0,Mujer,Mayores de Edad (>18 años),-,-,-,-,-,-,-,-
Nariño , Barbacoas,52079.0,MUJER,TOTAL,-,-,-,-,-,-,-,-
Nariño , Barbacoas,52079.0,Indeterminado,Menores de Edad (<18 años),-,-,-,-,-,-,-,-
Nariño , Barbacoas,52079.0,Indeterminado,Mayores de Edad (>18 años),-,-,-,-,-,-,-,-
Nariño , Barbacoas,52079.0,INDETERMINADO,TOTAL,-,-,-,-,-,-,-,-
Nariño , Barbacoas,52079.0,TOTAL,,-,-,1,3,-,2,-,6
Nariño , Buesaco,52110.0,Hombre,Menores de Edad (<18 años),-,-,-,-,-,-,-,-
Nariño , Buesaco,52110.0,Hombre,Mayores de Edad (>18 años),-,-,-,1,1,2,-,4
Nariño , Buesaco,52110.0,HOMBRE,TOTAL,-,-,-,1,1,2,-,4
Nariño , Buesaco,52110.0,Mujer,Menores de Edad (<18 años),-,-,-,-,-,-,-,-
Nariño , Buesaco,52110.0,Mujer,Mayores de Edad (>18 años),-,-,-,-,-,-,-,-
Nariño , Buesaco,52110.0,MUJER,TOTAL,-,-,-,-,-,-,-,-
Nariño , Buesaco,52110.0,Indeterminado,Menores de Edad (<18 años),-,-,-,-,-,-,-,-
Nariño , Buesaco,52110.0,Indeterminado,Mayores de Edad (>18 años),-,-,-,-,-,-,-,-
Nariño , Buesaco,52110.0,INDETERMINADO,TOTAL,-,-,-,-,-,-,-,-
Nariño , Buesaco,52110.0,TOTAL,,-,-,-,1,1,2,-,4
Nariño , Colón,52203.0,Hombre,Menores de Edad (<18 años),-,-,-,-,-,-,-,-
Nariño , Colón,52203.0,Hombre,Mayores de Edad (>18 años),-,-,-,-,-,-,-,-
Nariño , Colón,52203.0,HOMBRE,TOTAL,-,-,-,-,-,-,-,-
Nariño , Colón,52203.0,Mujer,Menores de Edad (<18 años),-,-,-,1,-,-,-,1
Nariño , Colón,52203.0,Mujer,Mayores de Edad (>18 años),-,-,-,1,-,-,-,1
Nariño , Colón,52203.0,MUJER,TOTAL,-,-,-,2,-,-,-,2
Nariño , Colón,52203.0,Indeterminado,Menores de Edad (<18 años),-,-,-,-,-,-,-,-
Nariño , Colón,52203.0,Indeterminado,Mayores de Edad (>18 años),-,-,-,-,-,-,-,-
Nariño , Colón,52203.0,INDETERMINADO,TOTAL,-,-,-,-,-,-,-,-
Nariño , Colón,52203.0,TOTAL,,-,-,-,2,-,-,-,2
Nariño , Cumbal,52227.0,Hombre,Menores de Edad (<18 años),-,-,-,-,-,-,-,-
Nariño , Cumbal,52227.0,Hombre,Mayores de Edad (>18 años),-,-,1,-,-,-,-,1
Nariño , Cumbal,52227.0,HOMBRE,TOTAL,-,-,1,-,-,-,-,1
Nariño , Cumbal,52227.0,Mujer,Menores de Edad (<18 años),-,-,-,-,-,-,-,-
Nariño , Cumbal,52227.0,Mujer,Mayores de Edad (>18 años),-,-,-,1,-,-,-,1
Nariño , Cumbal,52227.0,MUJER,TOTAL,-,-,-,1,-,-,-,1
Nariño , Cumbal,52227.0,Indeterminado,Menores de Edad (<18 años),-,-,-,-,-,-,-,-
Nariño , Cumbal,52227.0,Indeterminado,Mayores de Edad (>18 años),-,-,-,-,-,-,-,-
Nariño , Cumbal,52227.0,INDETERMINADO,TOTAL,-,-,-,-,-,-,-,-
Nariño , Cumbal,52227.0,TOTAL,,-,-,1,1,-,-,-,2
Nariño , El Charco,52250.0,Hombre,Menores de Edad (<18 años),-,-,-,-,-,-,-,-
Nariño , El Charco,52250.0,Hombre,Mayores de Edad (>18 años),-,-,-,-,-,1,-,1
Nariño , El Charco,52250.0,HOMBRE,TOTAL,-,-,-,-,-,1,-,1
Nariño , El Charco,52250.0,Mujer,Menores de Edad (<18 años),-,-,-,-,-,-,-,-
Nariño , El Charco,52250.0,Mujer,Mayores de Edad (>18 años),-,-,-,-,-,-,-,-
Nariño , El Charco,52250.0,MUJER,TOTAL,-,-,-,-,-,-,-,-
Nariño , El Charco,52250.0,Indeterminado,Menores de Edad (<18 años),-,-,-,-,-,-,-,-
Nariño , El Charco,52250.0,Indeterminado,Mayores de Edad (>18 años),-,-,-,-,-,-,-,-
Nariño , El Charco,52250.0,INDETERMINADO,TOTAL,-,-,-,-,-,-,-,-
Nariño , El Charco,52250.0,TOTAL,,-,-,-,-,-,1,-,1
Nariño , Francisco Pizarro,52520.0,Hombre,Menores de Edad (<18 años),-,-,-,-,-,-,-,-
Nariño , Francisco Pizarro,52520.0,Hombre,Mayores de Edad (>18 años),-,-,-,-,-,2,1,3
Nariño , Francisco Pizarro,52520.0,HOMBRE,TOTAL,-,-,-,-,-,2,1,3
Nariño , Francisco Pizarro,52520.0,Mujer,Menores de Edad (<18 años),-,-,-,-,-,-,-,-
Nariño , Francisco Pizarro,52520.0,Mujer,Mayores de Edad (>18 años),-,-,-,-,-,-,-,-
Nariño , Francisco Pizarro,52520.0,MUJER,TOTAL,-,-,-,-,-,-,-,-
Nariño , Francisco Pizarro,52520.0,Indeterminado,Menores de Edad (<18 años),-,-,-,-,-,-,-,-
Nariño , Francisco Pizarro,52520.0,Indeterminado,Mayores de Edad (>18 años),-,-,-,-,-,-,-,-
Nariño , Francisco Pizarro,52520.0,INDETERMINADO,TOTAL,-,-,-,-,-,-,-,-
Nariño , Francisco Pizarro,52520.0,TOTAL,,-,-,-,-,-,2,1,3
Nariño , Funes,52287.0,Hombre,Menores de Edad (<18 años),-,-,-,-,-,-,-,-
Nariño , Funes,52287.0,Hombre,Mayores de Edad (>18 años),-,-,1,-,-,-,-,1
Nariño , Funes,52287.0,HOMBRE,TOTAL,-,-,1,-,-,-,-,1
Nariño , Funes,52287.0,Mujer,Menores de Edad (<18 años),-,-,-,-,-,-,-,-
Nariño , Funes,52287.0,Mujer,Mayores de Edad (>18 años),-,-,-,-,-,-,-,-
Nariño , Funes,52287.0,MUJER,TOTAL,-,-,-,-,-,-,-,-
Nariño , Funes,52287.0,Indeterminado,Menores de Edad (<18 años),-,-,-,-,-,-,-,-
Nariño , Funes,52287.0,Indeterminado,Mayores de Edad (>18 años),-,-,-,-,-,-,-,-
Nariño , Funes,52287.0,INDETERMINADO,TOTAL,-,-,-,-,-,-,-,-
Nariño , Funes,52287.0,TOTAL,,-,-,1,-,-,-,-,1
Nariño , Gualmatán,52323.0,Hombre,Menores de Edad (<18 años),-,-,-,-,-,-,-,-
Nariño , Gualmatán,52323.0,Hombre,Mayores de Edad (>18 años),-,-,-,1,-,-,-,1
Nariño , Gualmatán,52323.0,HOMBRE,TOTAL,-,-,-,1,-,-,-,1
Nariño , Gualmatán,52323.0,Mujer,Menores de Edad (<18 años),-,-,-,-,-,-,-,-
Nariño , Gualmatán,52323.0,Mujer,Mayores de Edad (>18 años),-,-,-,-,-,-,-,-
Nariño , Gualmatán,52323.0,MUJER,TOTAL,-,-,-,-,-,-,-,-
Nariño , Gualmatán,52323.0,Indeterminado,Menores de Edad (<18 años),-,-,-,-,-,-,-,-
Nariño , Gualmatán,52323.0,Indeterminado,Mayores de Edad (>18 años),-,-,-,-,-,-,-,-
Nariño , Gualmatán,52323.0,INDETERMINADO,TOTAL,-,-,-,-,-,-,-,-
Nariño , Gualmatán,52323.0,TOTAL,,-,-,-,1,-,-,-,1
Nariño , Ipiales,52356.0,Hombre,Menores de Edad (<18 años),-,-,2,-,-,-,-,2
Nariño , Ipiales,52356.0,Hombre,Mayores de Edad (>18 años),-,-,3,31,1,2,1,38
Nariño , Ipiales,52356.0,HOMBRE,TOTAL,-,-,5,31,1,2,1,40
Nariño , Ipiales,52356.0,Mujer,Menores de Edad (<18 años),-,-,-,-,1,-,-,1
Nariño , Ipiales,52356.0,Mujer,Mayores de Edad (>18 años),-,-,-,1,-,-,-,1
Nariño , Ipiales,52356.0,MUJER,TOTAL,-,-,-,1,1,-,-,2
Nariño , Ipiales,52356.0,Indeterminado,Menores de Edad (<18 años),-,-,-,-,-,-,-,-
Nariño , Ipiales,52356.0,Indeterminado,Mayores de Edad (>18 años),-,-,-,-,-,-,-,-
Nariño , Ipiales,52356.0,INDETERMINADO,TOTAL,-,-,-,-,-,-,-,-
Nariño , Ipiales,52356.0,TOTAL,,-,-,5,32,2,2,1,42
Nariño , La Unión,52399.0,Hombre,Menores de Edad (<18 años),-,-,-,-,-,-,-,-
Nariño , La Unión,52399.0,Hombre,Mayores de Edad (>18 años),-,-,-,1,-,-,-,1
Nariño , La Unión,52399.0,HOMBRE,TOTAL,-,-,-,1,-,-,-,1
Nariño , La Unión,52399.0,Mujer,Menores de Edad (<18 años),-,-,-,-,-,-,-,-
Nariño , La Unión,52399.0,Mujer,Mayores de Edad (>18 años),-,-,-,-,-,-,-,-
Nariño , La Unión,52399.0,MUJER,TOTAL,-,-,-,-,-,-,-,-
Nariño , La Unión,52399.0,Indeterminado,Menores de Edad (<18 años),-,-,-,-,-,-,-,-
Nariño , La Unión,52399.0,Indeterminado,Mayores de Edad (>18 años),-,-,-,-,-,-,-,-
Nariño , La Unión,52399.0,INDETERMINADO,TOTAL,-,-,-,-,-,-,-,-
Nariño , La Unión,52399.0,TOTAL,,-,-,-,1,-,-,-,1
Nariño , Leiva,52405.0,Hombre,Menores de Edad (<18 años),-,-,-,-,-,-,-,-
Nariño , Leiva,52405.0,Hombre,Mayores de Edad (>18 años),-,1,-,4,-,-,-,5
Nariño , Leiva,52405.0,HOMBRE,TOTAL,-,1,-,4,-,-,-,5
Nariño , Leiva,52405.0,Mujer,Menores de Edad (<18 años),-,-,-,-,-,-,-,-
Nariño , Leiva,52405.0,Mujer,Mayores de Edad (>18 años),-,-,-,-,-,-,-,-
Nariño , Leiva,52405.0,MUJER,TOTAL,-,-,-,-,-,-,-,-
Nariño , Leiva,52405.0,Indeterminado,Menores de Edad (<18 años),-,-,-,-,-,-,-,-
Nariño , Leiva,52405.0,Indeterminado,Mayores de Edad (>18 años),-,-,-,-,-,-,-,-
Nariño , Leiva,52405.0,INDETERMINADO,TOTAL,-,-,-,-,-,-,-,-
Nariño , Leiva,52405.0,TOTAL,,-,1,-,4,-,-,-,5
Nariño , Linares,52411.0,Hombre,Menores de Edad (<18 años),-,-,-,-,-,-,-,-
Nariño , Linares,52411.0,Hombre,Mayores de Edad (>18 años),-,-,-,1,-,-,-,1
Nariño , Linares,52411.0,HOMBRE,TOTAL,-,-,-,1,-,-,-,1
Nariño , Linares,52411.0,Mujer,Menores de Edad (<18 años),-,-,-,-,-,-,-,-
Nariño , Linares,52411.0,Mujer,Mayores de Edad (>18 años),-,-,-,-,-,-,-,-
Nariño , Linares,52411.0,MUJER,TOTAL,-,-,-,-,-,-,-,-
Nariño , Linares,52411.0,Indeterminado,Menores de Edad (<18 años),-,-,-,-,-,-,-,-
Nariño , Linares,52411.0,Indeterminado,Mayores de Edad (>18 años),-,-,-,-,-,-,-,-
Nariño , Linares,52411.0,INDETERMINADO,TOTAL,-,-,-,-,-,-,-,-
Nariño , Linares,52411.0,TOTAL,,-,-,-,1,-,-,-,1
Nariño , Magüí,52427.0,Hombre,Menores de Edad (<18 años),-,-,-,-,-,-,-,-
Nariño , Magüí,52427.0,Hombre,Mayores de Edad (>18 años),-,-,-,1,-,1,-,2
Nariño , Magüí,52427.0,HOMBRE,TOTAL,-,-,-,1,-,1,-,2
Nariño , Magüí,52427.0,Mujer,Menores de Edad (<18 años),-,-,-,-,-,-,-,-
Nariño , Magüí,52427.0,Mujer,Mayores de Edad (>18 años),-,-,-,-,-,-,-,-
Nariño , Magüí,52427.0,MUJER,TOTAL,-,-,-,-,-,-,-,-
Nariño , Magüí,52427.0,Indeterminado,Menores de Edad (<18 años),-,-,-,-,-,-,-,-
Nariño , Magüí,52427.0,Indeterminado,Mayores de Edad (>18 años),-,-,-,-,-,-,-,-
Nariño , Magüí,52427.0,INDETERMINADO,TOTAL,-,-,-,-,-,-,-,-
Nariño , Magüí,52427.0,TOTAL,,-,-,-,1,-,1,-,2
Nariño , Mosquera,52473.0,Hombre,Menores de Edad (<18 años),-,-,-,-,-,-,-,-
Nariño , Mosquera,52473.0,Hombre,Mayores de Edad (>18 años),-,-,-,-,-,2,-,2
Nariño , Mosquera,52473.0,HOMBRE,TOTAL,-,-,-,-,-,2,-,2
Nariño , Mosquera,52473.0,Mujer,Menores de Edad (<18 años),-,-,-,-,-,-,-,-
Nariño , Mosquera,52473.0,Mujer,Mayores de Edad (>18 años),-,-,-,-,-,-,-,-
Nariño , Mosquera,52473.0,MUJER,TOTAL,-,-,-,-,-,-,-,-
Nariño , Mosquera,52473.0,Indeterminado,Menores de Edad (<18 años),-,-,-,-,-,-,-,-
Nariño , Mosquera,52473.0,Indeterminado,Mayores de Edad (>18 años),-,-,-,-,-,-,-,-
Nariño , Mosquera,52473.0,INDETERMINADO,TOTAL,-,-,-,-,-,-,-,-
Nariño , Mosquera,52473.0,TOTAL,,-,-,-,-,-,2,-,2
Nariño , Olaya Herrera,52490.0,Hombre,Menores de Edad (<18 años),-,-,-,-,-,-,-,-
Nariño , Olaya Herrera,52490.0,Hombre,Mayores de Edad (>18 años),-,-,-,-,-,1,-,1
Nariño , Olaya Herrera,52490.0,HOMBRE,TOTAL,-,-,-,-,-,1,-,1
Nariño , Olaya Herrera,52490.0,Mujer,Menores de Edad (<18 años),-,-,-,-,-,-,-,-
Nariño , Olaya Herrera,52490.0,Mujer,Mayores de Edad (>18 años),-,-,-,-,-,-,-,-
Nariño , Olaya Herrera,52490.0,MUJER,TOTAL,-,-,-,-,-,-,-,-
Nariño , Olaya Herrera,52490.0,Indeterminado,Menores de Edad (<18 años),-,-,-,-,-,-,-,-
Nariño , Olaya Herrera,52490.0,Indeterminado,Mayores de Edad (>18 años),-,-,-,-,-,-,-,-
Nariño , Olaya Herrera,52490.0,INDETERMINADO,TOTAL,-,-,-,-,-,-,-,-
Nariño , Olaya Herrera,52490.0,TOTAL,,-,-,-,-,-,1,-,1
Nariño , Pasto,52001.0,Hombre,Menores de Edad (<18 años),-,-,-,1,-,-,-,1
Nariño , Pasto,52001.0,Hombre,Mayores de Edad (>18 años),-,-,-,51,-,1,-,52
Nariño , Pasto,52001.0,HOMBRE,TOTAL,-,-,-,52,-,1,-,53
Nariño , Pasto,52001.0,Mujer,Menores de Edad (<18 años),-,-,-,1,-,-,-,1
Nariño , Pasto,52001.0,Mujer,Mayores de Edad (>18 años),-,-,-,7,-,-,-,7
Nariño , Pasto,52001.0,MUJER,TOTAL,-,-,-,8,-,-,-,8
Nariño , Pasto,52001.0,Indeterminado,Menores de Edad (<18 años),-,-,-,-,-,-,-,-
Nariño , Pasto,52001.0,Indeterminado,Mayores de Edad (>18 años),-,-,-,-,-,-,-,-
Nariño , Pasto,52001.0,INDETERMINADO,TOTAL,-,-,-,-,-,-,-,-
Nariño , Pasto,52001.0,TOTAL,,-,-,-,60,-,1,-,61
Nariño , Policarpa,52540.0,Hombre,Menores de Edad (<18 años),-,-,-,-,-,-,-,-
Nariño , Policarpa,52540.0,Hombre,Mayores de Edad (>18 años),-,-,-,4,-,-,-,4
Nariño , Policarpa,52540.0,HOMBRE,TOTAL,-,-,-,4,-,-,-,4
Nariño , Policarpa,52540.0,Mujer,Menores de Edad (<18 años),-,-,-,-,-,-,-,-
Nariño , Policarpa,52540.0,Mujer,Mayores de Edad (>18 años),-,-,-,-,-,-,-,-
Nariño , Policarpa,52540.0,MUJER,TOTAL,-,-,-,-,-,-,-,-
Nariño , Policarpa,52540.0,Indeterminado,Menores de Edad (<18 años),-,-,-,-,-,-,-,-
Nariño , Policarpa,52540.0,Indeterminado,Mayores de Edad (>18 años),-,-,-,-,-,-,-,-
Nariño , Policarpa,52540.0,INDETERMINADO,TOTAL,-,-,-,-,-,-,-,-
Nariño , Policarpa,52540.0,TOTAL,,-,-,-,4,-,-,-,4
Nariño , Potosí,52560.0,Hombre,Menores de Edad (<18 años),-,-,-,-,-,-,-,-
Nariño , Potosí,52560.0,Hombre,Mayores de Edad (>18 años),-,-,-,1,-,-,-,1
Nariño , Potosí,52560.0,HOMBRE,TOTAL,-,-,-,1,-,-,-,1
Nariño , Potosí,52560.0,Mujer,Menores de Edad (<18 años),-,-,-,-,-,-,-,-
Nariño , Potosí,52560.0,Mujer,Mayores de Edad (>18 años),-,-,-,-,-,-,-,-
Nariño , Potosí,52560.0,MUJER,TOTAL,-,-,-,-,-,-,-,-
Nariño , Potosí,52560.0,Indeterminado,Menores de Edad (<18 años),-,-,-,-,-,-,-,-
Nariño , Potosí,52560.0,Indeterminado,Mayores de Edad (>18 años),-,-,-,-,-,-,-,-
Nariño , Potosí,52560.0,INDETERMINADO,TOTAL,-,-,-,-,-,-,-,-
Nariño , Potosí,52560.0,TOTAL,,-,-,-,1,-,-,-,1
Nariño , Ricaurte,52612.0,Hombre,Menores de Edad (<18 años),-,-,-,-,-,-,-,-
Nariño , Ricaurte,52612.0,Hombre,Mayores de Edad (>18 años),-,-,1,2,-,-,-,3
Nariño , Ricaurte,52612.0,HOMBRE,TOTAL,-,-,1,2,-,-,-,3
Nariño , Ricaurte,52612.0,Mujer,Menores de Edad (<18 años),-,-,-,-,-,-,-,-
Nariño , Ricaurte,52612.0,Mujer,Mayores de Edad (>18 años),-,-,-,-,-,-,-,-
Nariño , Ricaurte,52612.0,MUJER,TOTAL,-,-,-,-,-,-,-,-
Nariño , Ricaurte,52612.0,Indeterminado,Menores de Edad (<18 años),-,-,-,-,-,-,-,-
Nariño , Ricaurte,52612.0,Indeterminado,Mayores de Edad (>18 años),-,-,-,-,-,-,-,-
Nariño , Ricaurte,52612.0,INDETERMINADO,TOTAL,-,-,-,-,-,-,-,-
Nariño , Ricaurte,52612.0,TOTAL,,-,-,1,2,-,-,-,3
Nariño , Roberto Payán,52621.0,Hombre,Menores de Edad (<18 años),-,-,-,-,-,1,-,1
Nariño , Roberto Payán,52621.0,Hombre,Mayores de Edad (>18 años),-,-,-,2,-,2,-,4
Nariño , Roberto Payán,52621.0,HOMBRE,TOTAL,-,-,-,2,-,3,-,5
Nariño , Roberto Payán,52621.0,Mujer,Menores de Edad (<18 años),-,-,-,-,-,-,-,-
Nariño , Roberto Payán,52621.0,Mujer,Mayores de Edad (>18 años),-,-,-,-,-,-,-,-
Nariño , Roberto Payán,52621.0,MUJER,TOTAL,-,-,-,-,-,-,-,-
Nariño , Roberto Payán,52621.0,Indeterminado,Menores de Edad (<18 años),-,-,-,-,-,-,-,-
Nariño , Roberto Payán,52621.0,Indeterminado,Mayores de Edad (>18 años),-,-,-,-,-,-,-,-
Nariño , Roberto Payán,52621.0,INDETERMINADO,TOTAL,-,-,-,-,-,-,-,-
Nariño , Roberto Payán,52621.0,TOTAL,,-,-,-,2,-,3,-,5
Nariño , Samaniego,52678.0,Hombre,Menores de Edad (<18 años),-,-,-,-,-,-,-,-
Nariño , Samaniego,52678.0,Hombre,Mayores de Edad (>18 años),-,1,-,8,-,-,1,10
Nariño , Samaniego,52678.0,HOMBRE,TOTAL,-,1,-,8,-,-,1,10
Nariño , Samaniego,52678.0,Mujer,Menores de Edad (<18 años),-,-,-,-,-,-,-,-
Nariño , Samaniego,52678.0,Mujer,Mayores de Edad (>18 años),-,-,-,2,-,-,-,2
Nariño , Samaniego,52678.0,MUJER,TOTAL,-,-,-,2,-,-,-,2
Nariño , Samaniego,52678.0,Indeterminado,Menores de Edad (<18 años),-,-,-,-,-,-,-,-
Nariño , Samaniego,52678.0,Indeterminado,Mayores de Edad (>18 años),-,-,-,-,-,-,-,-
Nariño , Samaniego,52678.0,INDETERMINADO,TOTAL,-,-,-,-,-,-,-,-
Nariño , Samaniego,52678.0,TOTAL,,-,1,-,10,-,-,1,12
Nariño , San Andrés de Tumaco,52835.0,Hombre,Menores de Edad (<18 años),-,-,3,3,1,3,1,11
Nariño , San Andrés de Tumaco,52835.0,Hombre,Mayores de Edad (>18 años),-,-,17,60,12,75,7,171
Nariño , San Andrés de Tumaco,52835.0,HOMBRE,TOTAL,-,-,20,63,13,78,8,182
Nariño , San Andrés de Tumaco,52835.0,Mujer,Menores de Edad (<18 años),-,-,-,-,-,1,-,1
Nariño , San Andrés de Tumaco,52835.0,Mujer,Mayores de Edad (>18 años),-,1,-,10,1,3,1,16
Nariño , San Andrés de Tumaco,52835.0,MUJER,TOTAL,-,1,-,10,1,4,1,17
Nariño , San Andrés de Tumaco,52835.0,Indeterminado,Menores de Edad (<18 años),-,-,-,-,-,-,-,-
Nariño , San Andrés de Tumaco,52835.0,Indeterminado,Mayores de Edad (>18 años),-,-,-,-,-,-,-,-
Nariño , San Andrés de Tumaco,52835.0,INDETERMINADO,TOTAL,-,-,-,-,-,-,-,-
Nariño , San Andrés de Tumaco,52835.0,TOTAL,,-,1,20,73,14,82,9,199
Nariño , San Pablo,52693.0,Hombre,Menores de Edad (<18 años),-,-,-,-,-,-,-,-
Nariño , San Pablo,52693.0,Hombre,Mayores de Edad (>18 años),-,-,-,1,-,-,-,1
Nariño , San Pablo,52693.0,HOMBRE,TOTAL,-,-,-,1,-,-,-,1
Nariño , San Pablo,52693.0,Mujer,Menores de Edad (<18 años),-,-,-,-,-,-,-,-
Nariño , San Pablo,52693.0,Mujer,Mayores de Edad (>18 años),-,-,-,1,-,-,-,1
Nariño , San Pablo,52693.0,MUJER,TOTAL,-,-,-,1,-,-,-,1
Nariño , San Pablo,52693.0,Indeterminado,Menores de Edad (<18 años),-,-,-,-,-,-,-,-
Nariño , San Pablo,52693.0,Indeterminado,Mayores de Edad (>18 años),-,-,-,-,-,-,-,-
Nariño , San Pablo,52693.0,INDETERMINADO,TOTAL,-,-,-,-,-,-,-,-
Nariño , San Pablo,52693.0,TOTAL,,-,-,-,2,-,-,-,2
Nariño , Sandoná,52683.0,Hombre,Menores de Edad (<18 años),-,-,-,-,-,-,-,-
Nariño , Sandoná,52683.0,Hombre,Mayores de Edad (>18 años),-,-,-,1,-,-,-,1
Nariño , Sandoná,52683.0,HOMBRE,TOTAL,-,-,-,1,-,-,-,1
Nariño , Sandoná,52683.0,Mujer,Menores de Edad (<18 años),-,-,-,-,-,-,-,-
Nariño , Sandoná,52683.0,Mujer,Mayores de Edad (>18 años),-,-,-,-,-,-,1,1
Nariño , Sandoná,52683.0,MUJER,TOTAL,-,-,-,-,-,-,1,1
Nariño , Sandoná,52683.0,Indeterminado,Menores de Edad (<18 años),-,-,-,-,-,-,-,-
Nariño , Sandoná,52683.0,Indeterminado,Mayores de Edad (>18 años),-,-,-,-,-,-,-,-
Nariño , Sandoná,52683.0,INDETERMINADO,TOTAL,-,-,-,-,-,-,-,-
Nariño , Sandoná,52683.0,TOTAL,,-,-,-,1,-,-,1,2
Nariño , Santa Bárbara,52696.0,Hombre,Menores de Edad (<18 años),-,-,-,-,-,-,-,-
Nariño , Santa Bárbara,52696.0,Hombre,Mayores de Edad (>18 años),-,-,-,2,1,-,-,3
Nariño , Santa Bárbara,52696.0,HOMBRE,TOTAL,-,-,-,2,1,-,-,3
Nariño , Santa Bárbara,52696.0,Mujer,Menores de Edad (<18 años),-,-,-,-,-,-,-,-
Nariño , Santa Bárbara,52696.0,Mujer,Mayores de Edad (>18 años),-,-,-,-,-,-,-,-
Nariño , Santa Bárbara,52696.0,MUJER,TOTAL,-,-,-,-,-,-,-,-
Nariño , Santa Bárbara,52696.0,Indeterminado,Menores de Edad (<18 años),-,-,-,-,-,-,-,-
Nariño , Santa Bárbara,52696.0,Indeterminado,Mayores de Edad (>18 años),-,-,-,-,-,-,-,-
Nariño , Santa Bárbara,52696.0,INDETERMINADO,TOTAL,-,-,-,-,-,-,-,-
Nariño , Santa Bárbara,52696.0,TOTAL,,-,-,-,2,1,-,-,3
Nariño , Sapuyes,52720.0,Hombre,Menores de Edad (<18 años),-,-,-,-,-,-,-,-
Nariño , Sapuyes,52720.0,Hombre,Mayores de Edad (>18 años),-,-,-,1,-,-,-,1
Nariño , Sapuyes,52720.0,HOMBRE,TOTAL,-,-,-,1,-,-,-,1
Nariño , Sapuyes,52720.0,Mujer,Menores de Edad (<18 años),-,-,-,-,-,-,-,-
Nariño , Sapuyes,52720.0,Mujer,Mayores de Edad (>18 años),-,-,-,-,-,-,-,-
Nariño , Sapuyes,52720.0,MUJER,TOTAL,-,-,-,-,-,-,-,-
Nariño , Sapuyes,52720.0,Indeterminado,Menores de Edad (<18 años),-,-,-,-,-,-,-,-
Nariño , Sapuyes,52720.0,Indeterminado,Mayores de Edad (>18 años),-,-,-,-,-,-,-,-
Nariño , Sapuyes,52720.0,INDETERMINADO,TOTAL,-,-,-,-,-,-,-,-
Nariño , Sapuyes,52720.0,TOTAL,,-,-,-,1,-,-,-,1
Nariño , Tangua,52788.0,Hombre,Menores de Edad (<18 años),-,-,-,-,-,-,-,-
Nariño , Tangua,52788.0,Hombre,Mayores de Edad (>18 años),-,-,-,1,-,-,-,1
Nariño , Tangua,52788.0,HOMBRE,TOTAL,-,-,-,1,-,-,-,1
Nariño , Tangua,52788.0,Mujer,Menores de Edad (<18 años),-,-,-,-,-,-,-,-
Nariño , Tangua,52788.0,Mujer,Mayores de Edad (>18 años),-,-,-,-,-,-,-,-
Nariño , Tangua,52788.0,MUJER,TOTAL,-,-,-,-,-,-,-,-
Nariño , Tangua,52788.0,Indeterminado,Menores de Edad (<18 años),-,-,-,-,-,-,-,-
Nariño , Tangua,52788.0,Indeterminado,Mayores de Edad (>18 años),-,-,-,-,-,-,-,-
Nariño , Tangua,52788.0,INDETERMINADO,TOTAL,-,-,-,-,-,-,-,-
Nariño , Tangua,52788.0,TOTAL,,-,-,-,1,-,-,-,1
Nariño , Túquerres,52838.0,Hombre,Menores de Edad (<18 años),-,-,-,-,-,-,-,-
Nariño , Túquerres,52838.0,Hombre,Mayores de Edad (>18 años),-,1,-,1,-,-,-,2
Nariño , Túquerres,52838.0,HOMBRE,TOTAL,-,1,-,1,-,-,-,2
Nariño , Túquerres,52838.0,Mujer,Menores de Edad (<18 años),-,-,-,-,-,-,-,-
Nariño , Túquerres,52838.0,Mujer,Mayores de Edad (>18 años),-,-,-,-,-,-,-,-
Nariño , Túquerres,52838.0,MUJER,TOTAL,-,-,-,-,-,-,-,-
Nariño , Túquerres,52838.0,Indeterminado,Menores de Edad (<18 años),-,-,-,-,-,-,-,-
Nariño , Túquerres,52838.0,Indeterminado,Mayores de Edad (>18 años),-,-,-,-,-,-,-,-
Nariño , Túquerres,52838.0,INDETERMINADO,TOTAL,-,-,-,-,-,-,-,-
Nariño , Túquerres,52838.0,TOTAL,,-,1,-,1,-,-,-,2
Norte de Santander , Ábrego,54003.0,Hombre,Menores de Edad (<18 años),-,-,-,-,-,-,-,-
Norte de Santander , Ábrego,54003.0,Hombre,Mayores de Edad (>18 años),-,-,-,12,-,-,1,13
Norte de Santander , Ábrego,54003.0,HOMBRE,TOTAL,-,-,-,12,-,-,1,13
Norte de Santander , Ábrego,54003.0,Mujer,Menores de Edad (<18 años),-,-,-,-,-,-,-,-
Norte de Santander , Ábrego,54003.0,Mujer,Mayores de Edad (>18 años),-,-,-,-,-,-,-,-
Norte de Santander , Ábrego,54003.0,MUJER,TOTAL,-,-,-,-,-,-,-,-
Norte de Santander , Ábrego,54003.0,Indeterminado,Menores de Edad (<18 años),-,-,-,-,-,-,-,-
Norte de Santander , Ábrego,54003.0,Indeterminado,Mayores de Edad (>18 años),-,-,-,-,-,-,-,-
Norte de Santander , Ábrego,54003.0,INDETERMINADO,TOTAL,-,-,-,-,-,-,-,-
Norte de Santander , Ábrego,54003.0,TOTAL,,-,-,-,12,-,-,1,13
Norte de Santander , Arboledas,54051.0,Hombre,Menores de Edad (<18 años),-,-,-,-,-,-,-,-
Norte de Santander , Arboledas,54051.0,Hombre,Mayores de Edad (>18 años),-,-,-,2,-,-,-,2
Norte de Santander , Arboledas,54051.0,HOMBRE,TOTAL,-,-,-,2,-,-,-,2
Norte de Santander , Arboledas,54051.0,Mujer,Menores de Edad (<18 años),-,-,-,-,-,-,-,-
Norte de Santander , Arboledas,54051.0,Mujer,Mayores de Edad (>18 años),-,-,-,-,-,-,-,-
Norte de Santander , Arboledas,54051.0,MUJER,TOTAL,-,-,-,-,-,-,-,-
Norte de Santander , Arboledas,54051.0,Indeterminado,Menores de Edad (<18 años),-,-,-,-,-,-,-,-
Norte de Santander , Arboledas,54051.0,Indeterminado,Mayores de Edad (>18 años),-,-,-,-,-,-,-,-
Norte de Santander , Arboledas,54051.0,INDETERMINADO,TOTAL,-,-,-,-,-,-,-,-
Norte de Santander , Arboledas,54051.0,TOTAL,,-,-,-,2,-,-,-,2
Norte de Santander , Bucarasica,54109.0,Hombre,Menores de Edad (<18 años),-,-,-,-,-,-,-,-
Norte de Santander , Bucarasica,54109.0,Hombre,Mayores de Edad (>18 años),-,1,-,2,-,-,-,3
Norte de Santander , Bucarasica,54109.0,HOMBRE,TOTAL,-,1,-,2,-,-,-,3
Norte de Santander , Bucarasica,54109.0,Mujer,Menores de Edad (<18 años),-,-,-,-,-,-,-,-
Norte de Santander , Bucarasica,54109.0,Mujer,Mayores de Edad (>18 años),-,-,-,-,-,-,-,-
Norte de Santander , Bucarasica,54109.0,MUJER,TOTAL,-,-,-,-,-,-,-,-
Norte de Santander , Bucarasica,54109.0,Indeterminado,Menores de Edad (<18 años),-,-,-,-,-,-,-,-
Norte de Santander , Bucarasica,54109.0,Indeterminado,Mayores de Edad (>18 años),-,-,-,-,-,-,-,-
Norte de Santander , Bucarasica,54109.0,INDETERMINADO,TOTAL,-,-,-,-,-,-,-,-
Norte de Santander , Bucarasica,54109.0,TOTAL,,-,1,-,2,-,-,-,3
Norte de Santander , Chitagá,54174.0,Hombre,Menores de Edad (<18 años),-,-,-,-,-,-,-,-
Norte de Santander , Chitagá,54174.0,Hombre,Mayores de Edad (>18 años),-,-,1,3,-,-,-,4
Norte de Santander , Chitagá,54174.0,HOMBRE,TOTAL,-,-,1,3,-,-,-,4
Norte de Santander , Chitagá,54174.0,Mujer,Menores de Edad (<18 años),-,-,-,-,-,-,-,-
Norte de Santander , Chitagá,54174.0,Mujer,Mayores de Edad (>18 años),-,-,-,-,-,-,-,-
Norte de Santander , Chitagá,54174.0,MUJER,TOTAL,-,-,-,-,-,-,-,-
Norte de Santander , Chitagá,54174.0,Indeterminado,Menores de Edad (<18 años),-,-,-,-,-,-,-,-
Norte de Santander , Chitagá,54174.0,Indeterminado,Mayores de Edad (>18 años),-,-,-,-,-,-,-,-
Norte de Santander , Chitagá,54174.0,INDETERMINADO,TOTAL,-,-,-,-,-,-,-,-
Norte de Santander , Chitagá,54174.0,TOTAL,,-,-,1,3,-,-,-,4
Norte de Santander , Convención,54206.0,Hombre,Menores de Edad (<18 años),-,-,-,1,-,-,-,1
Norte de Santander , Convención,54206.0,Hombre,Mayores de Edad (>18 años),-,-,-,16,-,-,-,16
Norte de Santander , Convención,54206.0,HOMBRE,TOTAL,-,-,-,17,-,-,-,17
Norte de Santander , Convención,54206.0,Mujer,Menores de Edad (<18 años),-,-,-,-,-,-,-,-
Norte de Santander , Convención,54206.0,Mujer,Mayores de Edad (>18 años),-,-,-,-,-,-,-,-
Norte de Santander , Convención,54206.0,MUJER,TOTAL,-,-,-,-,-,-,-,-
Norte de Santander , Convención,54206.0,Indeterminado,Menores de Edad (<18 años),-,-,-,-,-,-,-,-
Norte de Santander , Convención,54206.0,Indeterminado,Mayores de Edad (>18 años),-,-,-,-,-,-,-,-
Norte de Santander , Convención,54206.0,INDETERMINADO,TOTAL,-,-,-,-,-,-,-,-
Norte de Santander , Convención,54206.0,TOTAL,,-,-,-,17,-,-,-,17
Norte de Santander , Cúcuta,54001.0,Hombre,Menores de Edad (<18 años),-,-,-,4,-,1,-,5
Norte de Santander , Cúcuta,54001.0,Hombre,Mayores de Edad (>18 años),-,19,-,212,1,3,22,257
Norte de Santander , Cúcuta,54001.0,HOMBRE,TOTAL,-,19,-,216,1,4,22,262
Norte de Santander , Cúcuta,54001.0,Mujer,Menores de Edad (<18 años),-,1,-,1,-,-,-,2
Norte de Santander , Cúcuta,54001.0,Mujer,Mayores de Edad (>18 años),-,-,-,20,-,-,-,20
Norte de Santander , Cúcuta,54001.0,MUJER,TOTAL,-,1,-,21,-,-,-,22
Norte de Santander , Cúcuta,54001.0,Indeterminado,Menores de Edad (<18 años),-,-,-,-,-,-,-,-
Norte de Santander , Cúcuta,54001.0,Indeterminado,Mayores de Edad (>18 años),-,-,-,-,-,-,-,-
Norte de Santander , Cúcuta,54001.0,INDETERMINADO,TOTAL,-,-,-,-,-,-,-,-
Norte de Santander , Cúcuta,54001.0,TOTAL,,-,20,-,237,1,4,22,284
Norte de Santander , El Carmen,54245.0,Hombre,Menores de Edad (<18 años),-,-,-,-,-,-,-,-
Norte de Santander , El Carmen,54245.0,Hombre,Mayores de Edad (>18 años),-,-,-,6,-,-,-,6
Norte de Santander , El Carmen,54245.0,HOMBRE,TOTAL,-,-,-,6,-,-,-,6
Norte de Santander , El Carmen,54245.0,Mujer,Menores de Edad (<18 años),-,-,-,-,-,-,-,-
Norte de Santander , El Carmen,54245.0,Mujer,Mayores de Edad (>18 años),-,-,-,-,-,-,-,-
Norte de Santander , El Carmen,54245.0,MUJER,TOTAL,-,-,-,-,-,-,-,-
Norte de Santander , El Carmen,54245.0,Indeterminado,Menores de Edad (<18 años),-,-,-,-,-,-,-,-
Norte de Santander , El Carmen,54245.0,Indeterminado,Mayores de Edad (>18 años),-,-,-,-,-,-,-,-
Norte de Santander , El Carmen,54245.0,INDETERMINADO,TOTAL,-,-,-,-,-,-,-,-
Norte de Santander , El Carmen,54245.0,TOTAL,,-,-,-,6,-,-,-,6
Norte de Santander , El Tarra,54250.0,Hombre,Menores de Edad (<18 años),-,-,-,-,-,-,-,-
Norte de Santander , El Tarra,54250.0,Hombre,Mayores de Edad (>18 años),-,1,-,7,-,-,-,8
Norte de Santander , El Tarra,54250.0,HOMBRE,TOTAL,-,1,-,7,-,-,-,8
Norte de Santander , El Tarra,54250.0,Mujer,Menores de Edad (<18 años),-,-,-,-,-,-,-,-
Norte de Santander , El Tarra,54250.0,Mujer,Mayores de Edad (>18 años),-,-,-,2,-,-,-,2
Norte de Santander , El Tarra,54250.0,MUJER,TOTAL,-,-,-,2,-,-,-,2
Norte de Santander , El Tarra,54250.0,Indeterminado,Menores de Edad (<18 años),-,-,-,-,-,-,-,-
Norte de Santander , El Tarra,54250.0,Indeterminado,Mayores de Edad (>18 años),-,-,-,-,-,-,-,-
Norte de Santander , El Tarra,54250.0,INDETERMINADO,TOTAL,-,-,-,-,-,-,-,-
Norte de Santander , El Tarra,54250.0,TOTAL,,-,1,-,9,-,-,-,10
Norte de Santander , El Zulia,54261.0,Hombre,Menores de Edad (<18 años),-,-,-,-,-,-,-,-
Norte de Santander , El Zulia,54261.0,Hombre,Mayores de Edad (>18 años),-,-,-,4,-,-,-,4
Norte de Santander , El Zulia,54261.0,HOMBRE,TOTAL,-,-,-,4,-,-,-,4
Norte de Santander , El Zulia,54261.0,Mujer,Menores de Edad (<18 años),-,-,-,-,-,-,-,-
Norte de Santander , El Zulia,54261.0,Mujer,Mayores de Edad (>18 años),-,-,-,1,-,-,-,1
Norte de Santander , El Zulia,54261.0,MUJER,TOTAL,-,-,-,1,-,-,-,1
Norte de Santander , El Zulia,54261.0,Indeterminado,Menores de Edad (<18 años),-,-,-,-,-,-,-,-
Norte de Santander , El Zulia,54261.0,Indeterminado,Mayores de Edad (>18 años),-,-,-,-,-,-,-,-
Norte de Santander , El Zulia,54261.0,INDETERMINADO,TOTAL,-,-,-,-,-,-,-,-
Norte de Santander , El Zulia,54261.0,TOTAL,,-,-,-,5,-,-,-,5
Norte de Santander , Gramalote,54313.0,Hombre,Menores de Edad (<18 años),-,-,-,-,-,-,-,-
Norte de Santander , Gramalote,54313.0,Hombre,Mayores de Edad (>18 años),-,-,-,1,-,-,-,1
Norte de Santander , Gramalote,54313.0,HOMBRE,TOTAL,-,-,-,1,-,-,-,1
Norte de Santander , Gramalote,54313.0,Mujer,Menores de Edad (<18 años),-,-,-,-,-,-,-,-
Norte de Santander , Gramalote,54313.0,Mujer,Mayores de Edad (>18 años),-,-,-,-,-,-,-,-
Norte de Santander , Gramalote,54313.0,MUJER,TOTAL,-,-,-,-,-,-,-,-
Norte de Santander , Gramalote,54313.0,Indeterminado,Menores de Edad (<18 años),-,-,-,-,-,-,-,-
Norte de Santander , Gramalote,54313.0,Indeterminado,Mayores de Edad (>18 años),-,-,-,-,-,-,-,-
Norte de Santander , Gramalote,54313.0,INDETERMINADO,TOTAL,-,-,-,-,-,-,-,-
Norte de Santander , Gramalote,54313.0,TOTAL,,-,-,-,1,-,-,-,1
Norte de Santander , Hacarí,54344.0,Hombre,Menores de Edad (<18 años),-,-,-,-,-,-,-,-
Norte de Santander , Hacarí,54344.0,Hombre,Mayores de Edad (>18 años),-,-,-,4,-,-,-,4
Norte de Santander , Hacarí,54344.0,HOMBRE,TOTAL,-,-,-,4,-,-,-,4
Norte de Santander , Hacarí,54344.0,Mujer,Menores de Edad (<18 años),-,-,-,-,-,-,-,-
Norte de Santander , Hacarí,54344.0,Mujer,Mayores de Edad (>18 años),-,-,-,-,-,-,-,-
Norte de Santander , Hacarí,54344.0,MUJER,TOTAL,-,-,-,-,-,-,-,-
Norte de Santander , Hacarí,54344.0,Indeterminado,Menores de Edad (<18 años),-,-,-,-,-,-,-,-
Norte de Santander , Hacarí,54344.0,Indeterminado,Mayores de Edad (>18 años),-,-,-,-,-,-,-,-
Norte de Santander , Hacarí,54344.0,INDETERMINADO,TOTAL,-,-,-,-,-,-,-,-
Norte de Santander , Hacarí,54344.0,TOTAL,,-,-,-,4,-,-,-,4
Norte de Santander , Herrán,54347.0,Hombre,Menores de Edad (<18 años),-,-,-,-,-,-,-,-
Norte de Santander , Herrán,54347.0,Hombre,Mayores de Edad (>18 años),-,-,-,1,-,-,-,1
Norte de Santander , Herrán,54347.0,HOMBRE,TOTAL,-,-,-,1,-,-,-,1
Norte de Santander , Herrán,54347.0,Mujer,Menores de Edad (<18 años),-,-,-,-,-,-,-,-
Norte de Santander , Herrán,54347.0,Mujer,Mayores de Edad (>18 años),-,-,-,-,-,-,-,-
Norte de Santander , Herrán,54347.0,MUJER,TOTAL,-,-,-,-,-,-,-,-
Norte de Santander , Herrán,54347.0,Indeterminado,Menores de Edad (<18 años),-,-,-,-,-,-,-,-
Norte de Santander , Herrán,54347.0,Indeterminado,Mayores de Edad (>18 años),-,-,-,-,-,-,-,-
Norte de Santander , Herrán,54347.0,INDETERMINADO,TOTAL,-,-,-,-,-,-,-,-
Norte de Santander , Herrán,54347.0,TOTAL,,-,-,-,1,-,-,-,1
Norte de Santander , La Esperanza,54385.0,Hombre,Menores de Edad (<18 años),-,-,-,-,-,-,-,-
Norte de Santander , La Esperanza,54385.0,Hombre,Mayores de Edad (>18 años),-,-,-,1,-,-,-,1
Norte de Santander , La Esperanza,54385.0,HOMBRE,TOTAL,-,-,-,1,-,-,-,1
Norte de Santander , La Esperanza,54385.0,Mujer,Menores de Edad (<18 años),-,-,-,-,-,-,-,-
Norte de Santander , La Esperanza,54385.0,Mujer,Mayores de Edad (>18 años),-,-,-,-,-,-,-,-
Norte de Santander , La Esperanza,54385.0,MUJER,TOTAL,-,-,-,-,-,-,-,-
Norte de Santander , La Esperanza,54385.0,Indeterminado,Menores de Edad (<18 años),-,-,-,-,-,-,-,-
Norte de Santander , La Esperanza,54385.0,Indeterminado,Mayores de Edad (>18 años),-,-,-,-,-,-,-,-
Norte de Santander , La Esperanza,54385.0,INDETERMINADO,TOTAL,-,-,-,-,-,-,-,-
Norte de Santander , La Esperanza,54385.0,TOTAL,,-,-,-,1,-,-,-,1
Norte de Santander , La Playa,54398.0,Hombre,Menores de Edad (<18 años),-,-,-,-,-,-,-,-
Norte de Santander , La Playa,54398.0,Hombre,Mayores de Edad (>18 años),-,-,-,2,-,-,-,2
Norte de Santander , La Playa,54398.0,HOMBRE,TOTAL,-,-,-,2,-,-,-,2
Norte de Santander , La Playa,54398.0,Mujer,Menores de Edad (<18 años),-,-,-,-,-,-,-,-
Norte de Santander , La Playa,54398.0,Mujer,Mayores de Edad (>18 años),-,-,-,-,-,-,-,-
Norte de Santander , La Playa,54398.0,MUJER,TOTAL,-,-,-,-,-,-,-,-
Norte de Santander , La Playa,54398.0,Indeterminado,Menores de Edad (<18 años),-,-,-,-,-,-,-,-
Norte de Santander , La Playa,54398.0,Indeterminado,Mayores de Edad (>18 años),-,-,-,-,-,-,-,-
Norte de Santander , La Playa,54398.0,INDETERMINADO,TOTAL,-,-,-,-,-,-,-,-
Norte de Santander , La Playa,54398.0,TOTAL,,-,-,-,2,-,-,-,2
Norte de Santander , Los Patios,54405.0,Hombre,Menores de Edad (<18 años),-,-,-,-,-,-,-,-
Norte de Santander , Los Patios,54405.0,Hombre,Mayores de Edad (>18 años),-,-,-,13,-,-,-,13
Norte de Santander , Los Patios,54405.0,HOMBRE,TOTAL,-,-,-,13,-,-,-,13
Norte de Santander , Los Patios,54405.0,Mujer,Menores de Edad (<18 años),-,-,-,-,-,-,-,-
Norte de Santander , Los Patios,54405.0,Mujer,Mayores de Edad (>18 años),-,-,-,-,-,-,-,-
Norte de Santander , Los Patios,54405.0,MUJER,TOTAL,-,-,-,-,-,-,-,-
Norte de Santander , Los Patios,54405.0,Indeterminado,Menores de Edad (<18 años),-,-,-,-,-,-,-,-
Norte de Santander , Los Patios,54405.0,Indeterminado,Mayores de Edad (>18 años),-,-,-,-,-,-,-,-
Norte de Santander , Los Patios,54405.0,INDETERMINADO,TOTAL,-,-,-,-,-,-,-,-
Norte de Santander , Los Patios,54405.0,TOTAL,,-,-,-,13,-,-,-,13
Norte de Santander , Ocaña,54498.0,Hombre,Menores de Edad (<18 años),-,-,-,1,-,-,-,1
Norte de Santander , Ocaña,54498.0,Hombre,Mayores de Edad (>18 años),-,-,-,37,-,-,-,37
Norte de Santander , Ocaña,54498.0,HOMBRE,TOTAL,-,-,-,38,-,-,-,38
Norte de Santander , Ocaña,54498.0,Mujer,Menores de Edad (<18 años),-,-,-,-,-,-,-,-
Norte de Santander , Ocaña,54498.0,Mujer,Mayores de Edad (>18 años),-,-,-,2,-,-,-,2
Norte de Santander , Ocaña,54498.0,MUJER,TOTAL,-,-,-,2,-,-,-,2
Norte de Santander , Ocaña,54498.0,Indeterminado,Menores de Edad (<18 años),-,-,-,-,-,-,-,-
Norte de Santander , Ocaña,54498.0,Indeterminado,Mayores de Edad (>18 años),-,-,-,-,-,-,-,-
Norte de Santander , Ocaña,54498.0,INDETERMINADO,TOTAL,-,-,-,-,-,-,-,-
Norte de Santander , Ocaña,54498.0,TOTAL,,-,-,-,40,-,-,-,40
Norte de Santander , Pamplona,54518.0,Hombre,Menores de Edad (<18 años),-,-,-,1,-,-,-,1
Norte de Santander , Pamplona,54518.0,Hombre,Mayores de Edad (>18 años),-,-,-,3,-,-,-,3
Norte de Santander , Pamplona,54518.0,HOMBRE,TOTAL,-,-,-,4,-,-,-,4
Norte de Santander , Pamplona,54518.0,Mujer,Menores de Edad (<18 años),-,-,-,-,-,-,-,-
Norte de Santander , Pamplona,54518.0,Mujer,Mayores de Edad (>18 años),-,-,-,-,-,-,-,-
Norte de Santander , Pamplona,54518.0,MUJER,TOTAL,-,-,-,-,-,-,-,-
Norte de Santander , Pamplona,54518.0,Indeterminado,Menores de Edad (<18 años),-,-,-,-,-,-,-,-
Norte de Santander , Pamplona,54518.0,Indeterminado,Mayores de Edad (>18 años),-,-,-,-,-,-,-,-
Norte de Santander , Pamplona,54518.0,INDETERMINADO,TOTAL,-,-,-,-,-,-,-,-
Norte de Santander , Pamplona,54518.0,TOTAL,,-,-,-,4,-,-,-,4
Norte de Santander , Puerto Santander,54553.0,Hombre,Menores de Edad (<18 años),-,-,-,-,-,-,-,-
Norte de Santander , Puerto Santander,54553.0,Hombre,Mayores de Edad (>18 años),-,2,-,16,2,-,3,23
Norte de Santander , Puerto Santander,54553.0,HOMBRE,TOTAL,-,2,-,16,2,-,3,23
Norte de Santander , Puerto Santander,54553.0,Mujer,Menores de Edad (<18 años),-,1,-,-,-,-,-,1
Norte de Santander , Puerto Santander,54553.0,Mujer,Mayores de Edad (>18 años),-,-,-,3,-,-,1,4
Norte de Santander , Puerto Santander,54553.0,MUJER,TOTAL,-,1,-,3,-,-,1,5
Norte de Santander , Puerto Santander,54553.0,Indeterminado,Menores de Edad (<18 años),-,-,-,-,-,-,-,-
Norte de Santander , Puerto Santander,54553.0,Indeterminado,Mayores de Edad (>18 años),-,-,-,-,-,-,-,-
Norte de Santander , Puerto Santander,54553.0,INDETERMINADO,TOTAL,-,-,-,-,-,-,-,-
Norte de Santander , Puerto Santander,54553.0,TOTAL,,-,3,-,19,2,-,4,28
Norte de Santander , San Calixto,54670.0,Hombre,Menores de Edad (<18 años),-,-,-,-,-,-,-,-
Norte de Santander , San Calixto,54670.0,Hombre,Mayores de Edad (>18 años),-,-,-,1,-,-,-,1
Norte de Santander , San Calixto,54670.0,HOMBRE,TOTAL,-,-,-,1,-,-,-,1
Norte de Santander , San Calixto,54670.0,Mujer,Menores de Edad (<18 años),-,-,-,-,-,-,-,-
Norte de Santander , San Calixto,54670.0,Mujer,Mayores de Edad (>18 años),-,-,-,-,-,-,-,-
Norte de Santander , San Calixto,54670.0,MUJER,TOTAL,-,-,-,-,-,-,-,-
Norte de Santander , San Calixto,54670.0,Indeterminado,Menores de Edad (<18 años),-,-,-,-,-,-,-,-
Norte de Santander , San Calixto,54670.0,Indeterminado,Mayores de Edad (>18 años),-,-,-,-,-,-,-,-
Norte de Santander , San Calixto,54670.0,INDETERMINADO,TOTAL,-,-,-,-,-,-,-,-
Norte de Santander , San Calixto,54670.0,TOTAL,,-,-,-,1,-,-,-,1
Norte de Santander , San Cayetano,54673.0,Hombre,Menores de Edad (<18 años),-,-,-,-,-,-,-,-
Norte de Santander , San Cayetano,54673.0,Hombre,Mayores de Edad (>18 años),-,-,-,1,-,-,-,1
Norte de Santander , San Cayetano,54673.0,HOMBRE,TOTAL,-,-,-,1,-,-,-,1
Norte de Santander , San Cayetano,54673.0,Mujer,Menores de Edad (<18 años),-,-,-,-,-,-,-,-
Norte de Santander , San Cayetano,54673.0,Mujer,Mayores de Edad (>18 años),-,-,-,-,-,-,-,-
Norte de Santander , San Cayetano,54673.0,MUJER,TOTAL,-,-,-,-,-,-,-,-
Norte de Santander , San Cayetano,54673.0,Indeterminado,Menores de Edad (<18 años),-,-,-,-,-,-,-,-
Norte de Santander , San Cayetano,54673.0,Indeterminado,Mayores de Edad (>18 años),-,-,-,-,-,-,-,-
Norte de Santander , San Cayetano,54673.0,INDETERMINADO,TOTAL,-,-,-,-,-,-,-,-
Norte de Santander , San Cayetano,54673.0,TOTAL,,-,-,-,1,-,-,-,1
Norte de Santander , Sardinata,54720.0,Hombre,Menores de Edad (<18 años),-,-,-,1,-,-,-,1
Norte de Santander , Sardinata,54720.0,Hombre,Mayores de Edad (>18 años),-,-,-,15,-,1,1,17
Norte de Santander , Sardinata,54720.0,HOMBRE,TOTAL,-,-,-,16,-,1,1,18
Norte de Santander , Sardinata,54720.0,Mujer,Menores de Edad (<18 años),-,-,-,-,-,-,-,-
Norte de Santander , Sardinata,54720.0,Mujer,Mayores de Edad (>18 años),-,-,-,1,-,-,-,1
Norte de Santander , Sardinata,54720.0,MUJER,TOTAL,-,-,-,1,-,-,-,1
Norte de Santander , Sardinata,54720.0,Indeterminado,Menores de Edad (<18 años),-,-,-,-,-,-,-,-
Norte de Santander , Sardinata,54720.0,Indeterminado,Mayores de Edad (>18 años),-,-,-,-,-,-,-,-
Norte de Santander , Sardinata,54720.0,INDETERMINADO,TOTAL,-,-,-,-,-,-,-,-
Norte de Santander , Sardinata,54720.0,TOTAL,,-,-,-,17,-,1,1,19
Norte de Santander , Silos,54743.0,Hombre,Menores de Edad (<18 años),-,-,-,-,-,-,-,-
Norte de Santander , Silos,54743.0,Hombre,Mayores de Edad (>18 años),-,-,-,1,-,-,-,1
Norte de Santander , Silos,54743.0,HOMBRE,TOTAL,-,-,-,1,-,-,-,1
Norte de Santander , Silos,54743.0,Mujer,Menores de Edad (<18 años),-,-,-,-,-,-,-,-
Norte de Santander , Silos,54743.0,Mujer,Mayores de Edad (>18 años),-,-,-,1,-,-,-,1
Norte de Santander , Silos,54743.0,MUJER,TOTAL,-,-,-,1,-,-,-,1
Norte de Santander , Silos,54743.0,Indeterminado,Menores de Edad (<18 años),-,-,-,-,-,-,-,-
Norte de Santander , Silos,54743.0,Indeterminado,Mayores de Edad (>18 años),-,-,-,-,-,-,-,-
Norte de Santander , Silos,54743.0,INDETERMINADO,TOTAL,-,-,-,-,-,-,-,-
Norte de Santander , Silos,54743.0,TOTAL,,-,-,-,2,-,-,-,2
Norte de Santander , Teorama,54800.0,Hombre,Menores de Edad (<18 años),-,-,-,-,-,-,-,-
Norte de Santander , Teorama,54800.0,Hombre,Mayores de Edad (>18 años),-,-,-,3,-,-,1,4
Norte de Santander , Teorama,54800.0,HOMBRE,TOTAL,-,-,-,3,-,-,1,4
Norte de Santander , Teorama,54800.0,Mujer,Menores de Edad (<18 años),-,-,-,-,-,-,-,-
Norte de Santander , Teorama,54800.0,Mujer,Mayores de Edad (>18 años),-,-,-,-,-,-,-,-
Norte de Santander , Teorama,54800.0,MUJER,TOTAL,-,-,-,-,-,-,-,-
Norte de Santander , Teorama,54800.0,Indeterminado,Menores de Edad (<18 años),-,-,-,-,-,-,-,-
Norte de Santander , Teorama,54800.0,Indeterminado,Mayores de Edad (>18 años),-,-,-,-,-,-,-,-
Norte de Santander , Teorama,54800.0,INDETERMINADO,TOTAL,-,-,-,-,-,-,-,-
Norte de Santander , Teorama,54800.0,TOTAL,,-,-,-,3,-,-,1,4
Norte de Santander , Tibú,54810.0,Hombre,Menores de Edad (<18 años),-,-,-,-,-,-,-,-
Norte de Santander , Tibú,54810.0,Hombre,Mayores de Edad (>18 años),-,2,-,68,1,-,10,81
Norte de Santander , Tibú,54810.0,HOMBRE,TOTAL,-,2,-,68,1,-,10,81
Norte de Santander , Tibú,54810.0,Mujer,Menores de Edad (<18 años),-,-,-,-,-,-,-,-
Norte de Santander , Tibú,54810.0,Mujer,Mayores de Edad (>18 años),-,-,-,2,-,-,-,2
Norte de Santander , Tibú,54810.0,MUJER,TOTAL,-,-,-,2,-,-,-,2
Norte de Santander , Tibú,54810.0,Indeterminado,Menores de Edad (<18 años),-,-,-,-,-,-,-,-
Norte de Santander , Tibú,54810.0,Indeterminado,Mayores de Edad (>18 años),-,-,-,-,-,-,-,-
Norte de Santander , Tibú,54810.0,INDETERMINADO,TOTAL,-,-,-,-,-,-,-,-
Norte de Santander , Tibú,54810.0,TOTAL,,-,2,-,70,1,-,10,83
Norte de Santander , Toledo,54820.0,Hombre,Menores de Edad (<18 años),-,-,-,-,-,-,-,-
Norte de Santander , Toledo,54820.0,Hombre,Mayores de Edad (>18 años),-,-,-,2,-,-,-,2
Norte de Santander , Toledo,54820.0,HOMBRE,TOTAL,-,-,-,2,-,-,-,2
Norte de Santander , Toledo,54820.0,Mujer,Menores de Edad (<18 años),-,-,-,-,-,-,-,-
Norte de Santander , Toledo,54820.0,Mujer,Mayores de Edad (>18 años),-,-,-,-,-,-,-,-
Norte de Santander , Toledo,54820.0,MUJER,TOTAL,-,-,-,-,-,-,-,-
Norte de Santander , Toledo,54820.0,Indeterminado,Menores de Edad (<18 años),-,-,-,-,-,-,-,-
Norte de Santander , Toledo,54820.0,Indeterminado,Mayores de Edad (>18 años),-,-,-,-,-,-,-,-
Norte de Santander , Toledo,54820.0,INDETERMINADO,TOTAL,-,-,-,-,-,-,-,-
Norte de Santander , Toledo,54820.0,TOTAL,,-,-,-,2,-,-,-,2
Norte de Santander , Villa del Rosario,54874.0,Hombre,Menores de Edad (<18 años),-,-,-,-,-,-,-,-
Norte de Santander , Villa del Rosario,54874.0,Hombre,Mayores de Edad (>18 años),-,2,-,38,-,-,4,44
Norte de Santander , Villa del Rosario,54874.0,HOMBRE,TOTAL,-,2,-,38,-,-,4,44
Norte de Santander , Villa del Rosario,54874.0,Mujer,Menores de Edad (<18 años),-,-,-,-,-,-,-,-
Norte de Santander , Villa del Rosario,54874.0,Mujer,Mayores de Edad (>18 años),-,1,-,1,-,-,-,2
Norte de Santander , Villa del Rosario,54874.0,MUJER,TOTAL,-,1,-,1,-,-,-,2
Norte de Santander , Villa del Rosario,54874.0,Indeterminado,Menores de Edad (<18 años),-,-,-,-,-,-,-,-
Norte de Santander , Villa del Rosario,54874.0,Indeterminado,Mayores de Edad (>18 años),-,-,-,-,-,-,-,-
Norte de Santander , Villa del Rosario,54874.0,INDETERMINADO,TOTAL,-,-,-,-,-,-,-,-
Norte de Santander , Villa del Rosario,54874.0,TOTAL,,-,3,-,39,-,-,4,46
Putumayo , Mocoa,86001.0,Hombre,Menores de Edad (<18 años),-,-,-,-,-,-,-,-
Putumayo , Mocoa,86001.0,Hombre,Mayores de Edad (>18 años),-,-,-,5,-,-,-,5
Putumayo , Mocoa,86001.0,HOMBRE,TOTAL,-,-,-,5,-,-,-,5
Putumayo , Mocoa,86001.0,Mujer,Menores de Edad (<18 años),-,-,-,-,-,-,-,-
Putumayo , Mocoa,86001.0,Mujer,Mayores de Edad (>18 años),-,-,1,3,-,-,-,4
Putumayo , Mocoa,86001.0,MUJER,TOTAL,-,-,1,3,-,-,-,4
Putumayo , Mocoa,86001.0,Indeterminado,Menores de Edad (<18 años),-,-,-,-,-,-,-,-
Putumayo , Mocoa,86001.0,Indeterminado,Mayores de Edad (>18 años),-,-,-,-,-,-,-,-
Putumayo , Mocoa,86001.0,INDETERMINADO,TOTAL,-,-,-,-,-,-,-,-
Putumayo , Mocoa,86001.0,TOTAL,,-,-,1,8,-,-,-,9
Putumayo , Orito,86320.0,Hombre,Menores de Edad (<18 años),-,-,-,-,-,-,-,-
Putumayo , Orito,86320.0,Hombre,Mayores de Edad (>18 años),-,-,-,9,-,-,1,10
Putumayo , Orito,86320.0,HOMBRE,TOTAL,-,-,-,9,-,-,1,10
Putumayo , Orito,86320.0,Mujer,Menores de Edad (<18 años),-,-,-,1,-,-,-,1
Putumayo , Orito,86320.0,Mujer,Mayores de Edad (>18 años),-,-,-,1,-,-,-,1
Putumayo , Orito,86320.0,MUJER,TOTAL,-,-,-,2,-,-,-,2
Putumayo , Orito,86320.0,Indeterminado,Menores de Edad (<18 años),-,-,-,-,-,-,-,-
Putumayo , Orito,86320.0,Indeterminado,Mayores de Edad (>18 años),-,-,-,-,-,-,-,-
Putumayo , Orito,86320.0,INDETERMINADO,TOTAL,-,-,-,-,-,-,-,-
Putumayo , Orito,86320.0,TOTAL,,-,-,-,11,-,-,1,12
Putumayo , Puerto Asís,86568.0,Hombre,Menores de Edad (<18 años),-,-,-,2,-,-,-,2
Putumayo , Puerto Asís,86568.0,Hombre,Mayores de Edad (>18 años),-,-,-,30,-,5,1,36
Putumayo , Puerto Asís,86568.0,HOMBRE,TOTAL,-,-,-,32,-,5,1,38
Putumayo , Puerto Asís,86568.0,Mujer,Menores de Edad (<18 años),-,-,-,-,-,-,-,-
Putumayo , Puerto Asís,86568.0,Mujer,Mayores de Edad (>18 años),-,-,-,4,-,-,-,4
Putumayo , Puerto Asís,86568.0,MUJER,TOTAL,-,-,-,4,-,-,-,4
Putumayo , Puerto Asís,86568.0,Indeterminado,Menores de Edad (<18 años),-,-,-,-,-,-,-,-
Putumayo , Puerto Asís,86568.0,Indeterminado,Mayores de Edad (>18 años),-,-,-,-,-,-,-,-
Putumayo , Puerto Asís,86568.0,INDETERMINADO,TOTAL,-,-,-,-,-,-,-,-
Putumayo , Puerto Asís,86568.0,TOTAL,,-,-,-,36,-,5,1,42
Putumayo , Puerto Caicedo,86569.0,Hombre,Menores de Edad (<18 años),-,-,-,-,-,-,-,-
Putumayo , Puerto Caicedo,86569.0,Hombre,Mayores de Edad (>18 años),-,4,-,10,-,-,1,15
Putumayo , Puerto Caicedo,86569.0,HOMBRE,TOTAL,-,4,-,10,-,-,1,15
Putumayo , Puerto Caicedo,86569.0,Mujer,Menores de Edad (<18 años),-,-,-,-,-,-,-,-
Putumayo , Puerto Caicedo,86569.0,Mujer,Mayores de Edad (>18 años),-,-,-,-,-,-,-,-
Putumayo , Puerto Caicedo,86569.0,MUJER,TOTAL,-,-,-,-,-,-,-,-
Putumayo , Puerto Caicedo,86569.0,Indeterminado,Menores de Edad (<18 años),-,-,-,-,-,-,-,-
Putumayo , Puerto Caicedo,86569.0,Indeterminado,Mayores de Edad (>18 años),-,-,-,-,-,-,-,-
Putumayo , Puerto Caicedo,86569.0,INDETERMINADO,TOTAL,-,-,-,-,-,-,-,-
Putumayo , Puerto Caicedo,86569.0,TOTAL,,-,4,-,10,-,-,1,15
Putumayo , Puerto Guzmán,86571.0,Hombre,Menores de Edad (<18 años),-,-,-,1,-,-,-,1
Putumayo , Puerto Guzmán,86571.0,Hombre,Mayores de Edad (>18 años),-,1,1,10,1,2,2,17
Putumayo , Puerto Guzmán,86571.0,HOMBRE,TOTAL,-,1,1,11,1,2,2,18
Putumayo , Puerto Guzmán,86571.0,Mujer,Menores de Edad (<18 años),-,-,-,-,-,-,-,-
Putumayo , Puerto Guzmán,86571.0,Mujer,Mayores de Edad (>18 años),-,-,-,3,-,-,-,3
Putumayo , Puerto Guzmán,86571.0,MUJER,TOTAL,-,-,-,3,-,-,-,3
Putumayo , Puerto Guzmán,86571.0,Indeterminado,Menores de Edad (<18 años),-,-,-,-,-,-,-,-
Putumayo , Puerto Guzmán,86571.0,Indeterminado,Mayores de Edad (>18 años),-,-,-,-,-,-,-,-
Putumayo , Puerto Guzmán,86571.0,INDETERMINADO,TOTAL,-,-,-,-,-,-,-,-
Putumayo , Puerto Guzmán,86571.0,TOTAL,,-,1,1,14,1,2,2,21
Putumayo , Puerto Leguízamo,86573.0,Hombre,Menores de Edad (<18 años),-,-,1,1,-,-,1,3
Putumayo , Puerto Leguízamo,86573.0,Hombre,Mayores de Edad (>18 años),-,2,-,17,-,-,-,19
Putumayo , Puerto Leguízamo,86573.0,HOMBRE,TOTAL,-,2,1,18,-,-,1,22
Putumayo , Puerto Leguízamo,86573.0,Mujer,Menores de Edad (<18 años),-,-,-,-,-,-,1,1
Putumayo , Puerto Leguízamo,86573.0,Mujer,Mayores de Edad (>18 años),-,-,-,1,-,-,-,1
Putumayo , Puerto Leguízamo,86573.0,MUJER,TOTAL,-,-,-,1,-,-,1,2
Putumayo , Puerto Leguízamo,86573.0,Indeterminado,Menores de Edad (<18 años),-,-,-,-,-,-,-,-
Putumayo , Puerto Leguízamo,86573.0,Indeterminado,Mayores de Edad (>18 años),-,-,-,-,-,-,-,-
Putumayo , Puerto Leguízamo,86573.0,INDETERMINADO,TOTAL,-,-,-,-,-,-,-,-
Putumayo , Puerto Leguízamo,86573.0,TOTAL,,-,2,1,19,-,-,2,24
Putumayo , San Miguel,86757.0,Hombre,Menores de Edad (<18 años),-,-,-,-,-,-,-,-
Putumayo , San Miguel,86757.0,Hombre,Mayores de Edad (>18 años),-,1,-,6,-,-,-,7
Putumayo , San Miguel,86757.0,HOMBRE,TOTAL,-,1,-,6,-,-,-,7
Putumayo , San Miguel,86757.0,Mujer,Menores de Edad (<18 años),-,-,-,-,-,-,-,-
Putumayo , San Miguel,86757.0,Mujer,Mayores de Edad (>18 años),-,-,-,-,-,-,-,-
Putumayo , San Miguel,86757.0,MUJER,TOTAL,-,-,-,-,-,-,-,-
Putumayo , San Miguel,86757.0,Indeterminado,Menores de Edad (<18 años),-,-,-,-,-,-,-,-
Putumayo , San Miguel,86757.0,Indeterminado,Mayores de Edad (>18 años),-,-,-,-,-,-,-,-
Putumayo , San Miguel,86757.0,INDETERMINADO,TOTAL,-,-,-,-,-,-,-,-
Putumayo , San Miguel,86757.0,TOTAL,,-,1,-,6,-,-,-,7
Putumayo , Santiago,86760.0,Hombre,Menores de Edad (<18 años),-,-,-,-,-,-,-,-
Putumayo , Santiago,86760.0,Hombre,Mayores de Edad (>18 años),-,-,-,1,-,-,-,1
Putumayo , Santiago,86760.0,HOMBRE,TOTAL,-,-,-,1,-,-,-,1
Putumayo , Santiago,86760.0,Mujer,Menores de Edad (<18 años),-,-,-,-,-,-,-,-
Putumayo , Santiago,86760.0,Mujer,Mayores de Edad (>18 años),-,-,-,-,-,-,-,-
Putumayo , Santiago,86760.0,MUJER,TOTAL,-,-,-,-,-,-,-,-
Putumayo , Santiago,86760.0,Indeterminado,Menores de Edad (<18 años),-,-,-,-,-,-,-,-
Putumayo , Santiago,86760.0,Indeterminado,Mayores de Edad (>18 años),-,-,-,-,-,-,-,-
Putumayo , Santiago,86760.0,INDETERMINADO,TOTAL,-,-,-,-,-,-,-,-
Putumayo , Santiago,86760.0,TOTAL,,-,-,-,1,-,-,-,1
Putumayo , Valle del Guamuez,86865.0,Hombre,Menores de Edad (<18 años),-,-,-,-,-,-,-,-
Putumayo , Valle del Guamuez,86865.0,Hombre,Mayores de Edad (>18 años),-,-,1,9,-,1,-,11
Putumayo , Valle del Guamuez,86865.0,HOMBRE,TOTAL,-,-,1,9,-,1,-,11
Putumayo , Valle del Guamuez,86865.0,Mujer,Menores de Edad (<18 años),-,-,-,-,-,-,-,-
Putumayo , Valle del Guamuez,86865.0,Mujer,Mayores de Edad (>18 años),-,-,-,2,-,-,-,2
Putumayo , Valle del Guamuez,86865.0,MUJER,TOTAL,-,-,-,2,-,-,-,2
Putumayo , Valle del Guamuez,86865.0,Indeterminado,Menores de Edad (<18 años),-,-,-,-,-,-,-,-
Putumayo , Valle del Guamuez,86865.0,Indeterminado,Mayores de Edad (>18 años),-,-,-,-,-,-,-,-
Putumayo , Valle del Guamuez,86865.0,INDETERMINADO,TOTAL,-,-,-,-,-,-,-,-
Putumayo , Valle del Guamuez,86865.0,TOTAL,,-,-,1,11,-,1,-,13
Putumayo , Villagarzón,86885.0,Hombre,Menores de Edad (<18 años),-,-,-,3,-,-,-,3
Putumayo , Villagarzón,86885.0,Hombre,Mayores de Edad (>18 años),-,-,-,9,-,-,1,10
Putumayo , Villagarzón,86885.0,HOMBRE,TOTAL,-,-,-,12,-,-,1,13
Putumayo , Villagarzón,86885.0,Mujer,Menores de Edad (<18 años),-,-,-,-,-,-,-,-
Putumayo , Villagarzón,86885.0,Mujer,Mayores de Edad (>18 años),-,-,-,-,-,-,-,-
Putumayo , Villagarzón,86885.0,MUJER,TOTAL,-,-,-,-,-,-,-,-
Putumayo , Villagarzón,86885.0,Indeterminado,Menores de Edad (<18 años),-,-,-,-,-,-,-,-
Putumayo , Villagarzón,86885.0,Indeterminado,Mayores de Edad (>18 años),-,-,-,-,-,-,-,-
Putumayo , Villagarzón,86885.0,INDETERMINADO,TOTAL,-,-,-,-,-,-,-,-
Putumayo , Villagarzón,86885.0,TOTAL,,-,-,-,12,-,-,1,13
Quindío , Armenia,63001.0,Hombre,Menores de Edad (<18 años),-,-,-,1,-,-,-,1
Quindío , Armenia,63001.0,Hombre,Mayores de Edad (>18 años),-,-,-,66,2,1,4,73
Quindío , Armenia,63001.0,HOMBRE,TOTAL,-,-,-,67,2,1,4,74
Quindío , Armenia,63001.0,Mujer,Menores de Edad (<18 años),-,-,-,-,-,-,-,-
Quindío , Armenia,63001.0,Mujer,Mayores de Edad (>18 años),-,-,-,7,-,-,-,7
Quindío , Armenia,63001.0,MUJER,TOTAL,-,-,-,7,-,-,-,7
Quindío , Armenia,63001.0,Indeterminado,Menores de Edad (<18 años),-,-,-,-,-,-,-,-
Quindío , Armenia,63001.0,Indeterminado,Mayores de Edad (>18 años),-,-,-,-,-,-,-,-
Quindío , Armenia,63001.0,INDETERMINADO,TOTAL,-,-,-,-,-,-,-,-
Quindío , Armenia,63001.0,TOTAL,,-,-,-,74,2,1,4,81
Quindío , Calarcá,63130.0,Hombre,Menores de Edad (<18 años),-,-,-,1,-,-,-,1
Quindío , Calarcá,63130.0,Hombre,Mayores de Edad (>18 años),-,-,-,16,-,-,1,17
Quindío , Calarcá,63130.0,HOMBRE,TOTAL,-,-,-,17,-,-,1,18
Quindío , Calarcá,63130.0,Mujer,Menores de Edad (<18 años),-,-,-,-,-,-,-,-
Quindío , Calarcá,63130.0,Mujer,Mayores de Edad (>18 años),-,-,-,2,-,-,-,2
Quindío , Calarcá,63130.0,MUJER,TOTAL,-,-,-,2,-,-,-,2
Quindío , Calarcá,63130.0,Indeterminado,Menores de Edad (<18 años),-,-,-,-,-,-,-,-
Quindío , Calarcá,63130.0,Indeterminado,Mayores de Edad (>18 años),-,-,-,-,-,-,-,-
Quindío , Calarcá,63130.0,INDETERMINADO,TOTAL,-,-,-,-,-,-,-,-
Quindío , Calarcá,63130.0,TOTAL,,-,-,-,19,-,-,1,20
Quindío , Circasia,63190.0,Hombre,Menores de Edad (<18 años),-,-,-,1,-,-,-,1
Quindío , Circasia,63190.0,Hombre,Mayores de Edad (>18 años),-,-,-,6,-,-,-,6
Quindío , Circasia,63190.0,HOMBRE,TOTAL,-,-,-,7,-,-,-,7
Quindío , Circasia,63190.0,Mujer,Menores de Edad (<18 años),-,-,-,1,-,-,-,1
Quindío , Circasia,63190.0,Mujer,Mayores de Edad (>18 años),-,-,-,1,-,-,-,1
Quindío , Circasia,63190.0,MUJER,TOTAL,-,-,-,2,-,-,-,2
Quindío , Circasia,63190.0,Indeterminado,Menores de Edad (<18 años),-,-,-,-,-,-,-,-
Quindío , Circasia,63190.0,Indeterminado,Mayores de Edad (>18 años),-,-,-,-,-,-,-,-
Quindío , Circasia,63190.0,INDETERMINADO,TOTAL,-,-,-,-,-,-,-,-
Quindío , Circasia,63190.0,TOTAL,,-,-,-,9,-,-,-,9
Quindío , Filandia,63272.0,Hombre,Menores de Edad (<18 años),-,-,-,-,-,-,-,-
Quindío , Filandia,63272.0,Hombre,Mayores de Edad (>18 años),-,-,-,1,-,-,-,1
Quindío , Filandia,63272.0,HOMBRE,TOTAL,-,-,-,1,-,-,-,1
Quindío , Filandia,63272.0,Mujer,Menores de Edad (<18 años),-,-,-,-,-,-,-,-
Quindío , Filandia,63272.0,Mujer,Mayores de Edad (>18 años),-,-,-,-,-,-,-,-
Quindío , Filandia,63272.0,MUJER,TOTAL,-,-,-,-,-,-,-,-
Quindío , Filandia,63272.0,Indeterminado,Menores de Edad (<18 años),-,-,-,-,-,-,-,-
Quindío , Filandia,63272.0,Indeterminado,Mayores de Edad (>18 años),-,-,-,-,-,-,-,-
Quindío , Filandia,63272.0,INDETERMINADO,TOTAL,-,-,-,-,-,-,-,-
Quindío , Filandia,63272.0,TOTAL,,-,-,-,1,-,-,-,1
Quindío , La Tebaida,63401.0,Hombre,Menores de Edad (<18 años),-,-,-,1,-,-,-,1
Quindío , La Tebaida,63401.0,Hombre,Mayores de Edad (>18 años),-,-,-,14,-,-,-,14
Quindío , La Tebaida,63401.0,HOMBRE,TOTAL,-,-,-,15,-,-,-,15
Quindío , La Tebaida,63401.0,Mujer,Menores de Edad (<18 años),-,-,-,-,-,-,-,-
Quindío , La Tebaida,63401.0,Mujer,Mayores de Edad (>18 años),-,-,-,1,-,-,-,1
Quindío , La Tebaida,63401.0,MUJER,TOTAL,-,-,-,1,-,-,-,1
Quindío , La Tebaida,63401.0,Indeterminado,Menores de Edad (<18 años),-,-,-,-,-,-,-,-
Quindío , La Tebaida,63401.0,Indeterminado,Mayores de Edad (>18 años),-,-,-,-,-,-,-,-
Quindío , La Tebaida,63401.0,INDETERMINADO,TOTAL,-,-,-,-,-,-,-,-
Quindío , La Tebaida,63401.0,TOTAL,,-,-,-,16,-,-,-,16
Quindío , Montenegro,63470.0,Hombre,Menores de Edad (<18 años),-,-,-,-,-,-,-,-
Quindío , Montenegro,63470.0,Hombre,Mayores de Edad (>18 años),-,-,-,15,-,-,3,18
Quindío , Montenegro,63470.0,HOMBRE,TOTAL,-,-,-,15,-,-,3,18
Quindío , Montenegro,63470.0,Mujer,Menores de Edad (<18 años),-,-,-,-,-,-,-,-
Quindío , Montenegro,63470.0,Mujer,Mayores de Edad (>18 años),-,-,-,1,-,-,-,1
Quindío , Montenegro,63470.0,MUJER,TOTAL,-,-,-,1,-,-,-,1
Quindío , Montenegro,63470.0,Indeterminado,Menores de Edad (<18 años),-,-,-,-,-,-,-,-
Quindío , Montenegro,63470.0,Indeterminado,Mayores de Edad (>18 años),-,-,-,-,-,-,-,-
Quindío , Montenegro,63470.0,INDETERMINADO,TOTAL,-,-,-,-,-,-,-,-
Quindío , Montenegro,63470.0,TOTAL,,-,-,-,16,-,-,3,19
Quindío , Pijao,63548.0,Hombre,Menores de Edad (<18 años),-,-,-,-,-,-,-,-
Quindío , Pijao,63548.0,Hombre,Mayores de Edad (>18 años),-,-,-,1,-,-,-,1
Quindío , Pijao,63548.0,HOMBRE,TOTAL,-,-,-,1,-,-,-,1
Quindío , Pijao,63548.0,Mujer,Menores de Edad (<18 años),-,-,-,-,-,-,-,-
Quindío , Pijao,63548.0,Mujer,Mayores de Edad (>18 años),-,-,-,-,-,-,-,-
Quindío , Pijao,63548.0,MUJER,TOTAL,-,-,-,-,-,-,-,-
Quindío , Pijao,63548.0,Indeterminado,Menores de Edad (<18 años),-,-,-,-,-,-,-,-
Quindío , Pijao,63548.0,Indeterminado,Mayores de Edad (>18 años),-,-,-,-,-,-,-,-
Quindío , Pijao,63548.0,INDETERMINADO,TOTAL,-,-,-,-,-,-,-,-
Quindío , Pijao,63548.0,TOTAL,,-,-,-,1,-,-,-,1
Quindío , Quimbaya,63594.0,Hombre,Menores de Edad (<18 años),-,-,-,1,-,-,-,1
Quindío , Quimbaya,63594.0,Hombre,Mayores de Edad (>18 años),-,-,-,11,-,-,2,13
Quindío , Quimbaya,63594.0,HOMBRE,TOTAL,-,-,-,12,-,-,2,14
Quindío , Quimbaya,63594.0,Mujer,Menores de Edad (<18 años),-,-,-,-,-,-,-,-
Quindío , Quimbaya,63594.0,Mujer,Mayores de Edad (>18 años),-,-,-,2,-,-,-,2
Quindío , Quimbaya,63594.0,MUJER,TOTAL,-,-,-,2,-,-,-,2
Quindío , Quimbaya,63594.0,Indeterminado,Menores de Edad (<18 años),-,-,-,-,-,-,-,-
Quindío , Quimbaya,63594.0,Indeterminado,Mayores de Edad (>18 años),-,-,-,-,-,-,-,-
Quindío , Quimbaya,63594.0,INDETERMINADO,TOTAL,-,-,-,-,-,-,-,-
Quindío , Quimbaya,63594.0,TOTAL,,-,-,-,14,-,-,2,16
Quindío , Salento,63690.0,Hombre,Menores de Edad (<18 años),-,-,-,-,-,-,-,-
Quindío , Salento,63690.0,Hombre,Mayores de Edad (>18 años),-,-,-,1,-,-,-,1
Quindío , Salento,63690.0,HOMBRE,TOTAL,-,-,-,1,-,-,-,1
Quindío , Salento,63690.0,Mujer,Menores de Edad (<18 años),-,-,-,-,-,-,-,-
Quindío , Salento,63690.0,Mujer,Mayores de Edad (>18 años),-,-,-,-,-,-,-,-
Quindío , Salento,63690.0,MUJER,TOTAL,-,-,-,-,-,-,-,-
Quindío , Salento,63690.0,Indeterminado,Menores de Edad (<18 años),-,-,-,-,-,-,-,-
Quindío , Salento,63690.0,Indeterminado,Mayores de Edad (>18 años),-,-,-,-,-,-,-,-
Quindío , Salento,63690.0,INDETERMINADO,TOTAL,-,-,-,-,-,-,-,-
Quindío , Salento,63690.0,TOTAL,,-,-,-,1,-,-,-,1
Risaralda , Apía,66045.0,Hombre,Menores de Edad (<18 años),-,-,-,-,-,-,-,-
Risaralda , Apía,66045.0,Hombre,Mayores de Edad (>18 años),-,-,-,3,-,-,-,3
Risaralda , Apía,66045.0,HOMBRE,TOTAL,-,-,-,3,-,-,-,3
Risaralda , Apía,66045.0,Mujer,Menores de Edad (<18 años),-,-,-,-,-,-,-,-
Risaralda , Apía,66045.0,Mujer,Mayores de Edad (>18 años),-,-,-,-,-,-,-,-
Risaralda , Apía,66045.0,MUJER,TOTAL,-,-,-,-,-,-,-,-
Risaralda , Apía,66045.0,Indeterminado,Menores de Edad (<18 años),-,-,-,-,-,-,-,-
Risaralda , Apía,66045.0,Indeterminado,Mayores de Edad (>18 años),-,-,-,-,-,-,-,-
Risaralda , Apía,66045.0,INDETERMINADO,TOTAL,-,-,-,-,-,-,-,-
Risaralda , Apía,66045.0,TOTAL,,-,-,-,3,-,-,-,3
Risaralda , Balboa,66075.0,Hombre,Menores de Edad (<18 años),-,-,-,-,-,-,-,-
Risaralda , Balboa,66075.0,Hombre,Mayores de Edad (>18 años),-,-,-,3,-,-,-,3
Risaralda , Balboa,66075.0,HOMBRE,TOTAL,-,-,-,3,-,-,-,3
Risaralda , Balboa,66075.0,Mujer,Menores de Edad (<18 años),-,-,-,-,-,-,-,-
Risaralda , Balboa,66075.0,Mujer,Mayores de Edad (>18 años),-,-,-,-,-,-,-,-
Risaralda , Balboa,66075.0,MUJER,TOTAL,-,-,-,-,-,-,-,-
Risaralda , Balboa,66075.0,Indeterminado,Menores de Edad (<18 años),-,-,-,-,-,-,-,-
Risaralda , Balboa,66075.0,Indeterminado,Mayores de Edad (>18 años),-,-,-,-,-,-,-,-
Risaralda , Balboa,66075.0,INDETERMINADO,TOTAL,-,-,-,-,-,-,-,-
Risaralda , Balboa,66075.0,TOTAL,,-,-,-,3,-,-,-,3
Risaralda , Belén de Umbría,66088.0,Hombre,Menores de Edad (<18 años),-,-,-,-,-,-,-,-
Risaralda , Belén de Umbría,66088.0,Hombre,Mayores de Edad (>18 años),-,-,-,7,-,-,-,7
Risaralda , Belén de Umbría,66088.0,HOMBRE,TOTAL,-,-,-,7,-,-,-,7
Risaralda , Belén de Umbría,66088.0,Mujer,Menores de Edad (<18 años),-,-,-,-,-,-,-,-
Risaralda , Belén de Umbría,66088.0,Mujer,Mayores de Edad (>18 años),-,-,-,1,-,-,-,1
Risaralda , Belén de Umbría,66088.0,MUJER,TOTAL,-,-,-,1,-,-,-,1
Risaralda , Belén de Umbría,66088.0,Indeterminado,Menores de Edad (<18 años),-,-,-,-,-,-,-,-
Risaralda , Belén de Umbría,66088.0,Indeterminado,Mayores de Edad (>18 años),-,-,-,-,-,-,-,-
Risaralda , Belén de Umbría,66088.0,INDETERMINADO,TOTAL,-,-,-,-,-,-,-,-
Risaralda , Belén de Umbría,66088.0,TOTAL,,-,-,-,8,-,-,-,8
Risaralda , Dosquebradas,66170.0,Hombre,Menores de Edad (<18 años),-,-,-,1,-,-,-,1
Risaralda , Dosquebradas,66170.0,Hombre,Mayores de Edad (>18 años),-,-,-,31,-,1,1,33
Risaralda , Dosquebradas,66170.0,HOMBRE,TOTAL,-,-,-,32,-,1,1,34
Risaralda , Dosquebradas,66170.0,Mujer,Menores de Edad (<18 años),-,-,-,-,-,-,-,-
Risaralda , Dosquebradas,66170.0,Mujer,Mayores de Edad (>18 años),-,-,-,2,-,-,-,2
Risaralda , Dosquebradas,66170.0,MUJER,TOTAL,-,-,-,2,-,-,-,2
Risaralda , Dosquebradas,66170.0,Indeterminado,Menores de Edad (<18 años),-,-,-,-,-,-,-,-
Risaralda , Dosquebradas,66170.0,Indeterminado,Mayores de Edad (>18 años),-,-,-,-,-,-,-,-
Risaralda , Dosquebradas,66170.0,INDETERMINADO,TOTAL,-,-,-,-,-,-,-,-
Risaralda , Dosquebradas,66170.0,TOTAL,,-,-,-,34,-,1,1,36
Risaralda , Guática,66318.0,Hombre,Menores de Edad (<18 años),-,-,-,-,-,-,-,-
Risaralda , Guática,66318.0,Hombre,Mayores de Edad (>18 años),-,-,-,2,-,-,-,2
Risaralda , Guática,66318.0,HOMBRE,TOTAL,-,-,-,2,-,-,-,2
Risaralda , Guática,66318.0,Mujer,Menores de Edad (<18 años),-,-,-,-,-,-,-,-
Risaralda , Guática,66318.0,Mujer,Mayores de Edad (>18 años),-,-,-,-,-,-,-,-
Risaralda , Guática,66318.0,MUJER,TOTAL,-,-,-,-,-,-,-,-
Risaralda , Guática,66318.0,Indeterminado,Menores de Edad (<18 años),-,-,-,-,-,-,-,-
Risaralda , Guática,66318.0,Indeterminado,Mayores de Edad (>18 años),-,-,-,-,-,-,-,-
Risaralda , Guática,66318.0,INDETERMINADO,TOTAL,-,-,-,-,-,-,-,-
Risaralda , Guática,66318.0,TOTAL,,-,-,-,2,-,-,-,2
Risaralda , La Celia,66383.0,Hombre,Menores de Edad (<18 años),-,-,-,-,-,-,-,-
Risaralda , La Celia,66383.0,Hombre,Mayores de Edad (>18 años),-,-,-,5,-,-,-,5
Risaralda , La Celia,66383.0,HOMBRE,TOTAL,-,-,-,5,-,-,-,5
Risaralda , La Celia,66383.0,Mujer,Menores de Edad (<18 años),-,-,-,-,-,-,-,-
Risaralda , La Celia,66383.0,Mujer,Mayores de Edad (>18 años),-,-,-,-,-,-,-,-
Risaralda , La Celia,66383.0,MUJER,TOTAL,-,-,-,-,-,-,-,-
Risaralda , La Celia,66383.0,Indeterminado,Menores de Edad (<18 años),-,-,-,-,-,-,-,-
Risaralda , La Celia,66383.0,Indeterminado,Mayores de Edad (>18 años),-,-,-,-,-,-,-,-
Risaralda , La Celia,66383.0,INDETERMINADO,TOTAL,-,-,-,-,-,-,-,-
Risaralda , La Celia,66383.0,TOTAL,,-,-,-,5,-,-,-,5
Risaralda , La Virginia,66400.0,Hombre,Menores de Edad (<18 años),-,-,-,-,-,-,-,-
Risaralda , La Virginia,66400.0,Hombre,Mayores de Edad (>18 años),-,-,-,11,-,-,-,11
Risaralda , La Virginia,66400.0,HOMBRE,TOTAL,-,-,-,11,-,-,-,11
Risaralda , La Virginia,66400.0,Mujer,Menores de Edad (<18 años),-,-,-,-,-,-,-,-
Risaralda , La Virginia,66400.0,Mujer,Mayores de Edad (>18 años),-,-,-,-,-,-,-,-
Risaralda , La Virginia,66400.0,MUJER,TOTAL,-,-,-,-,-,-,-,-
Risaralda , La Virginia,66400.0,Indeterminado,Menores de Edad (<18 años),-,-,-,-,-,-,-,-
Risaralda , La Virginia,66400.0,Indeterminado,Mayores de Edad (>18 años),-,-,-,-,-,-,-,-
Risaralda , La Virginia,66400.0,INDETERMINADO,TOTAL,-,-,-,-,-,-,-,-
Risaralda , La Virginia,66400.0,TOTAL,,-,-,-,11,-,-,-,11
Risaralda , Marsella,66440.0,Hombre,Menores de Edad (<18 años),-,-,-,-,-,-,-,-
Risaralda , Marsella,66440.0,Hombre,Mayores de Edad (>18 años),-,-,-,5,-,-,-,5
Risaralda , Marsella,66440.0,HOMBRE,TOTAL,-,-,-,5,-,-,-,5
Risaralda , Marsella,66440.0,Mujer,Menores de Edad (<18 años),-,-,-,1,-,-,-,1
Risaralda , Marsella,66440.0,Mujer,Mayores de Edad (>18 años),-,-,-,1,-,-,-,1
Risaralda , Marsella,66440.0,MUJER,TOTAL,-,-,-,2,-,-,-,2
Risaralda , Marsella,66440.0,Indeterminado,Menores de Edad (<18 años),-,-,-,-,-,-,-,-
Risaralda , Marsella,66440.0,Indeterminado,Mayores de Edad (>18 años),-,-,-,-,-,-,-,-
Risaralda , Marsella,66440.0,INDETERMINADO,TOTAL,-,-,-,-,-,-,-,-
Risaralda , Marsella,66440.0,TOTAL,,-,-,-,7,-,-,-,7
Risaralda , Mistrató,66456.0,Hombre,Menores de Edad (<18 años),-,-,-,-,-,-,-,-
Risaralda , Mistrató,66456.0,Hombre,Mayores de Edad (>18 años),-,-,-,1,-,-,-,1
Risaralda , Mistrató,66456.0,HOMBRE,TOTAL,-,-,-,1,-,-,-,1
Risaralda , Mistrató,66456.0,Mujer,Menores de Edad (<18 años),-,-,-,-,-,-,-,-
Risaralda , Mistrató,66456.0,Mujer,Mayores de Edad (>18 años),-,-,-,-,-,-,-,-
Risaralda , Mistrató,66456.0,MUJER,TOTAL,-,-,-,-,-,-,-,-
Risaralda , Mistrató,66456.0,Indeterminado,Menores de Edad (<18 años),-,-,-,-,-,-,-,-
Risaralda , Mistrató,66456.0,Indeterminado,Mayores de Edad (>18 años),-,-,-,-,-,-,-,-
Risaralda , Mistrató,66456.0,INDETERMINADO,TOTAL,-,-,-,-,-,-,-,-
Risaralda , Mistrató,66456.0,TOTAL,,-,-,-,1,-,-,-,1
Risaralda , Pereira,66001.0,Hombre,Menores de Edad (<18 años),-,-,-,2,-,2,-,4
Risaralda , Pereira,66001.0,Hombre,Mayores de Edad (>18 años),-,-,2,92,1,4,1,100
Risaralda , Pereira,66001.0,HOMBRE,TOTAL,-,-,2,94,1,6,1,104
Risaralda , Pereira,66001.0,Mujer,Menores de Edad (<18 años),-,-,-,-,-,-,-,-
Risaralda , Pereira,66001.0,Mujer,Mayores de Edad (>18 años),-,-,-,5,-,-,1,6
Risaralda , Pereira,66001.0,MUJER,TOTAL,-,-,-,5,-,-,1,6
Risaralda , Pereira,66001.0,Indeterminado,Menores de Edad (<18 años),-,-,-,-,-,-,-,-
Risaralda , Pereira,66001.0,Indeterminado,Mayores de Edad (>18 años),-,-,-,-,-,-,-,-
Risaralda , Pereira,66001.0,INDETERMINADO,TOTAL,-,-,-,-,-,-,-,-
Risaralda , Pereira,66001.0,TOTAL,,-,-,2,99,1,6,2,110
Risaralda , Pueblo Rico,66572.0,Hombre,Menores de Edad (<18 años),-,-,-,-,-,-,-,-
Risaralda , Pueblo Rico,66572.0,Hombre,Mayores de Edad (>18 años),-,-,2,-,-,-,-,2
Risaralda , Pueblo Rico,66572.0,HOMBRE,TOTAL,-,-,2,-,-,-,-,2
Risaralda , Pueblo Rico,66572.0,Mujer,Menores de Edad (<18 años),-,-,-,-,-,-,-,-
Risaralda , Pueblo Rico,66572.0,Mujer,Mayores de Edad (>18 años),-,-,-,-,-,-,-,-
Risaralda , Pueblo Rico,66572.0,MUJER,TOTAL,-,-,-,-,-,-,-,-
Risaralda , Pueblo Rico,66572.0,Indeterminado,Menores de Edad (<18 años),-,-,-,-,-,-,-,-
Risaralda , Pueblo Rico,66572.0,Indeterminado,Mayores de Edad (>18 años),-,-,-,-,-,-,-,-
Risaralda , Pueblo Rico,66572.0,INDETERMINADO,TOTAL,-,-,-,-,-,-,-,-
Risaralda , Pueblo Rico,66572.0,TOTAL,,-,-,2,-,-,-,-,2
Risaralda , Quinchía,66594.0,Hombre,Menores de Edad (<18 años),-,-,-,-,-,-,-,-
Risaralda , Quinchía,66594.0,Hombre,Mayores de Edad (>18 años),-,-,-,1,-,-,-,1
Risaralda , Quinchía,66594.0,HOMBRE,TOTAL,-,-,-,1,-,-,-,1
Risaralda , Quinchía,66594.0,Mujer,Menores de Edad (<18 años),-,-,-,-,-,-,-,-
Risaralda , Quinchía,66594.0,Mujer,Mayores de Edad (>18 años),-,-,-,-,-,-,-,-
Risaralda , Quinchía,66594.0,MUJER,TOTAL,-,-,-,-,-,-,-,-
Risaralda , Quinchía,66594.0,Indeterminado,Menores de Edad (<18 años),-,-,-,-,-,-,-,-
Risaralda , Quinchía,66594.0,Indeterminado,Mayores de Edad (>18 años),-,-,-,-,-,-,-,-
Risaralda , Quinchía,66594.0,INDETERMINADO,TOTAL,-,-,-,-,-,-,-,-
Risaralda , Quinchía,66594.0,TOTAL,,-,-,-,1,-,-,-,1
Risaralda , Santa Rosa de Cabal,66682.0,Hombre,Menores de Edad (<18 años),-,-,-,-,-,-,-,-
Risaralda , Santa Rosa de Cabal,66682.0,Hombre,Mayores de Edad (>18 años),-,1,2,8,-,-,-,11
Risaralda , Santa Rosa de Cabal,66682.0,HOMBRE,TOTAL,-,1,2,8,-,-,-,11
Risaralda , Santa Rosa de Cabal,66682.0,Mujer,Menores de Edad (<18 años),-,-,-,-,-,-,-,-
Risaralda , Santa Rosa de Cabal,66682.0,Mujer,Mayores de Edad (>18 años),-,-,-,-,-,-,-,-
Risaralda , Santa Rosa de Cabal,66682.0,MUJER,TOTAL,-,-,-,-,-,-,-,-
Risaralda , Santa Rosa de Cabal,66682.0,Indeterminado,Menores de Edad (<18 años),-,-,-,-,-,-,-,-
Risaralda , Santa Rosa de Cabal,66682.0,Indeterminado,Mayores de Edad (>18 años),-,-,-,-,-,-,-,-
Risaralda , Santa Rosa de Cabal,66682.0,INDETERMINADO,TOTAL,-,-,-,-,-,-,-,-
Risaralda , Santa Rosa de Cabal,66682.0,TOTAL,,-,1,2,8,-,-,-,11
Risaralda , Santuario,66687.0,Hombre,Menores de Edad (<18 años),-,-,-,-,-,-,-,-
Risaralda , Santuario,66687.0,Hombre,Mayores de Edad (>18 años),-,-,-,7,-,-,-,7
Risaralda , Santuario,66687.0,HOMBRE,TOTAL,-,-,-,7,-,-,-,7
Risaralda , Santuario,66687.0,Mujer,Menores de Edad (<18 años),-,-,-,-,-,-,-,-
Risaralda , Santuario,66687.0,Mujer,Mayores de Edad (>18 años),-,-,-,-,-,-,-,-
Risaralda , Santuario,66687.0,MUJER,TOTAL,-,-,-,-,-,-,-,-
Risaralda , Santuario,66687.0,Indeterminado,Menores de Edad (<18 años),-,-,-,-,-,-,-,-
Risaralda , Santuario,66687.0,Indeterminado,Mayores de Edad (>18 años),-,-,-,-,-,-,-,-
Risaralda , Santuario,66687.0,INDETERMINADO,TOTAL,-,-,-,-,-,-,-,-
Risaralda , Santuario,66687.0,TOTAL,,-,-,-,7,-,-,-,7
Santander , Barbosa,68077.0,Hombre,Menores de Edad (<18 años),-,-,-,-,-,-,-,-
Santander , Barbosa,68077.0,Hombre,Mayores de Edad (>18 años),-,2,-,-,-,-,-,2
Santander , Barbosa,68077.0,HOMBRE,TOTAL,-,2,-,-,-,-,-,2
Santander , Barbosa,68077.0,Mujer,Menores de Edad (<18 años),-,-,-,-,-,-,-,-
Santander , Barbosa,68077.0,Mujer,Mayores de Edad (>18 años),-,-,-,-,-,-,-,-
Santander , Barbosa,68077.0,MUJER,TOTAL,-,-,-,-,-,-,-,-
Santander , Barbosa,68077.0,Indeterminado,Menores de Edad (<18 años),-,-,-,-,-,-,-,-
Santander , Barbosa,68077.0,Indeterminado,Mayores de Edad (>18 años),-,-,-,-,-,-,-,-
Santander , Barbosa,68077.0,INDETERMINADO,TOTAL,-,-,-,-,-,-,-,-
Santander , Barbosa,68077.0,TOTAL,,-,2,-,-,-,-,-,2
Santander , Barrancabermeja,68081.0,Hombre,Menores de Edad (<18 años),-,-,-,1,1,-,-,2
Santander , Barrancabermeja,68081.0,Hombre,Mayores de Edad (>18 años),-,-,-,22,-,-,1,23
Santander , Barrancabermeja,68081.0,HOMBRE,TOTAL,-,-,-,23,1,-,1,25
Santander , Barrancabermeja,68081.0,Mujer,Menores de Edad (<18 años),-,-,-,-,-,-,-,-
Santander , Barrancabermeja,68081.0,Mujer,Mayores de Edad (>18 años),-,-,-,2,1,-,-,3
Santander , Barrancabermeja,68081.0,MUJER,TOTAL,-,-,-,2,1,-,-,3
Santander , Barrancabermeja,68081.0,Indeterminado,Menores de Edad (<18 años),-,-,-,-,-,-,-,-
Santander , Barrancabermeja,68081.0,Indeterminado,Mayores de Edad (>18 años),-,-,-,-,-,-,-,-
Santander , Barrancabermeja,68081.0,INDETERMINADO,TOTAL,-,-,-,-,-,-,-,-
Santander , Barrancabermeja,68081.0,TOTAL,,-,-,-,25,2,-,1,28
Santander , Bolívar,68101.0,Hombre,Menores de Edad (<18 años),-,-,-,-,-,-,-,-
Santander , Bolívar,68101.0,Hombre,Mayores de Edad (>18 años),-,1,-,1,-,-,-,2
Santander , Bolívar,68101.0,HOMBRE,TOTAL,-,1,-,1,-,-,-,2
Santander , Bolívar,68101.0,Mujer,Menores de Edad (<18 años),-,-,-,-,-,-,-,-
Santander , Bolívar,68101.0,Mujer,Mayores de Edad (>18 años),-,-,-,-,-,-,-,-
Santander , Bolívar,68101.0,MUJER,TOTAL,-,-,-,-,-,-,-,-
Santander , Bolívar,68101.0,Indeterminado,Menores de Edad (<18 años),-,-,-,-,-,-,-,-
Santander , Bolívar,68101.0,Indeterminado,Mayores de Edad (>18 años),-,-,-,-,-,-,-,-
Santander , Bolívar,68101.0,INDETERMINADO,TOTAL,-,-,-,-,-,-,-,-
Santander , Bolívar,68101.0,TOTAL,,-,1,-,1,-,-,-,2
Santander , Bucaramanga,68001.0,Hombre,Menores de Edad (<18 años),-,-,-,4,-,-,-,4
Santander , Bucaramanga,68001.0,Hombre,Mayores de Edad (>18 años),-,3,-,91,-,-,-,94
Santander , Bucaramanga,68001.0,HOMBRE,TOTAL,-,3,-,95,-,-,-,98
Santander , Bucaramanga,68001.0,Mujer,Menores de Edad (<18 años),-,-,-,2,-,-,-,2
Santander , Bucaramanga,68001.0,Mujer,Mayores de Edad (>18 años),-,-,-,12,-,-,-,12
Santander , Bucaramanga,68001.0,MUJER,TOTAL,-,-,-,14,-,-,-,14
Santander , Bucaramanga,68001.0,Indeterminado,Menores de Edad (<18 años),-,-,-,-,-,-,-,-
Santander , Bucaramanga,68001.0,Indeterminado,Mayores de Edad (>18 años),-,-,-,-,-,-,-,-
Santander , Bucaramanga,68001.0,INDETERMINADO,TOTAL,-,-,-,-,-,-,-,-
Santander , Bucaramanga,68001.0,TOTAL,,-,3,-,109,-,-,-,112
Santander , Cimitarra,68190.0,Hombre,Menores de Edad (<18 años),-,-,-,-,-,-,-,-
Santander , Cimitarra,68190.0,Hombre,Mayores de Edad (>18 años),-,1,-,10,-,-,1,12
Santander , Cimitarra,68190.0,HOMBRE,TOTAL,-,1,-,10,-,-,1,12
Santander , Cimitarra,68190.0,Mujer,Menores de Edad (<18 años),-,-,-,-,-,-,-,-
Santander , Cimitarra,68190.0,Mujer,Mayores de Edad (>18 años),-,-,-,1,-,-,-,1
Santander , Cimitarra,68190.0,MUJER,TOTAL,-,-,-,1,-,-,-,1
Santander , Cimitarra,68190.0,Indeterminado,Menores de Edad (<18 años),-,-,-,-,-,-,-,-
Santander , Cimitarra,68190.0,Indeterminado,Mayores de Edad (>18 años),-,-,-,-,-,-,-,-
Santander , Cimitarra,68190.0,INDETERMINADO,TOTAL,-,-,-,-,-,-,-,-
Santander , Cimitarra,68190.0,TOTAL,,-,1,-,11,-,-,1,13
Santander , El Carmen de Chucurí,68235.0,Hombre,Menores de Edad (<18 años),-,-,-,-,-,-,-,-
Santander , El Carmen de Chucurí,68235.0,Hombre,Mayores de Edad (>18 años),-,-,-,1,-,-,-,1
Santander , El Carmen de Chucurí,68235.0,HOMBRE,TOTAL,-,-,-,1,-,-,-,1
Santander , El Carmen de Chucurí,68235.0,Mujer,Menores de Edad (<18 años),-,-,-,-,-,-,-,-
Santander , El Carmen de Chucurí,68235.0,Mujer,Mayores de Edad (>18 años),-,-,-,-,-,-,-,-
Santander , El Carmen de Chucurí,68235.0,MUJER,TOTAL,-,-,-,-,-,-,-,-
Santander , El Carmen de Chucurí,68235.0,Indeterminado,Menores de Edad (<18 años),-,-,-,-,-,-,-,-
Santander , El Carmen de Chucurí,68235.0,Indeterminado,Mayores de Edad (>18 años),-,-,-,-,-,-,-,-
Santander , El Carmen de Chucurí,68235.0,INDETERMINADO,TOTAL,-,-,-,-,-,-,-,-
Santander , El Carmen de Chucurí,68235.0,TOTAL,,-,-,-,1,-,-,-,1
Santander , El Peñón,68250.0,Hombre,Menores de Edad (<18 años),-,-,-,-,-,-,-,-
Santander , El Peñón,68250.0,Hombre,Mayores de Edad (>18 años),-,1,-,-,-,-,-,1
Santander , El Peñón,68250.0,HOMBRE,TOTAL,-,1,-,-,-,-,-,1
Santander , El Peñón,68250.0,Mujer,Menores de Edad (<18 años),-,-,-,-,-,-,-,-
Santander , El Peñón,68250.0,Mujer,Mayores de Edad (>18 años),-,-,-,-,-,-,-,-
Santander , El Peñón,68250.0,MUJER,TOTAL,-,-,-,-,-,-,-,-
Santander , El Peñón,68250.0,Indeterminado,Menores de Edad (<18 años),-,-,-,-,-,-,-,-
Santander , El Peñón,68250.0,Indeterminado,Mayores de Edad (>18 años),-,-,-,-,-,-,-,-
Santander , El Peñón,68250.0,INDETERMINADO,TOTAL,-,-,-,-,-,-,-,-
Santander , El Peñón,68250.0,TOTAL,,-,1,-,-,-,-,-,1
Santander , El Playón,68255.0,Hombre,Menores de Edad (<18 años),-,-,-,-,-,-,-,-
Santander , El Playón,68255.0,Hombre,Mayores de Edad (>18 años),-,-,-,2,-,-,-,2
Santander , El Playón,68255.0,HOMBRE,TOTAL,-,-,-,2,-,-,-,2
Santander , El Playón,68255.0,Mujer,Menores de Edad (<18 años),-,-,-,-,-,-,-,-
Santander , El Playón,68255.0,Mujer,Mayores de Edad (>18 años),-,-,-,-,-,-,-,-
Santander , El Playón,68255.0,MUJER,TOTAL,-,-,-,-,-,-,-,-
Santander , El Playón,68255.0,Indeterminado,Menores de Edad (<18 años),-,-,-,-,-,-,-,-
Santander , El Playón,68255.0,Indeterminado,Mayores de Edad (>18 años),-,-,-,-,-,-,-,-
Santander , El Playón,68255.0,INDETERMINADO,TOTAL,-,-,-,-,-,-,-,-
Santander , El Playón,68255.0,TOTAL,,-,-,-,2,-,-,-,2
Santander , Floridablanca,68276.0,Hombre,Menores de Edad (<18 años),-,-,-,1,-,-,-,1
Santander , Floridablanca,68276.0,Hombre,Mayores de Edad (>18 años),-,-,-,27,-,-,2,29
Santander , Floridablanca,68276.0,HOMBRE,TOTAL,-,-,-,28,-,-,2,30
Santander , Floridablanca,68276.0,Mujer,Menores de Edad (<18 años),-,-,-,-,-,-,-,-
Santander , Floridablanca,68276.0,Mujer,Mayores de Edad (>18 años),-,-,-,4,-,-,-,4
Santander , Floridablanca,68276.0,MUJER,TOTAL,-,-,-,4,-,-,-,4
Santander , Floridablanca,68276.0,Indeterminado,Menores de Edad (<18 años),-,-,-,-,-,-,-,-
Santander , Floridablanca,68276.0,Indeterminado,Mayores de Edad (>18 años),-,-,-,-,-,-,-,-
Santander , Floridablanca,68276.0,INDETERMINADO,TOTAL,-,-,-,-,-,-,-,-
Santander , Floridablanca,68276.0,TOTAL,,-,-,-,32,-,-,2,34
Santander , Girón,68307.0,Hombre,Menores de Edad (<18 años),-,-,-,-,-,-,-,-
Santander , Girón,68307.0,Hombre,Mayores de Edad (>18 años),-,-,-,21,-,-,-,21
Santander , Girón,68307.0,HOMBRE,TOTAL,-,-,-,21,-,-,-,21
Santander , Girón,68307.0,Mujer,Menores de Edad (<18 años),-,-,-,1,-,-,-,1
Santander , Girón,68307.0,Mujer,Mayores de Edad (>18 años),-,-,-,2,-,-,-,2
Santander , Girón,68307.0,MUJER,TOTAL,-,-,-,3,-,-,-,3
Santander , Girón,68307.0,Indeterminado,Menores de Edad (<18 años),-,-,-,-,-,-,-,-
Santander , Girón,68307.0,Indeterminado,Mayores de Edad (>18 años),-,-,-,-,-,-,-,-
Santander , Girón,68307.0,INDETERMINADO,TOTAL,-,-,-,-,-,-,-,-
Santander , Girón,68307.0,TOTAL,,-,-,-,24,-,-,-,24
Santander , Guaca,68318.0,Hombre,Menores de Edad (<18 años),-,-,-,-,-,-,-,-
Santander , Guaca,68318.0,Hombre,Mayores de Edad (>18 años),-,-,-,1,-,-,-,1
Santander , Guaca,68318.0,HOMBRE,TOTAL,-,-,-,1,-,-,-,1
Santander , Guaca,68318.0,Mujer,Menores de Edad (<18 años),-,-,-,-,-,-,-,-
Santander , Guaca,68318.0,Mujer,Mayores de Edad (>18 años),-,-,-,-,-,-,-,-
Santander , Guaca,68318.0,MUJER,TOTAL,-,-,-,-,-,-,-,-
Santander , Guaca,68318.0,Indeterminado,Menores de Edad (<18 años),-,-,-,-,-,-,-,-
Santander , Guaca,68318.0,Indeterminado,Mayores de Edad (>18 años),-,-,-,-,-,-,-,-
Santander , Guaca,68318.0,INDETERMINADO,TOTAL,-,-,-,-,-,-,-,-
Santander , Guaca,68318.0,TOTAL,,-,-,-,1,-,-,-,1
Santander , Guapotá,68322.0,Hombre,Menores de Edad (<18 años),-,-,-,-,-,-,-,-
Santander , Guapotá,68322.0,Hombre,Mayores de Edad (>18 años),-,-,-,1,-,-,-,1
Santander , Guapotá,68322.0,HOMBRE,TOTAL,-,-,-,1,-,-,-,1
Santander , Guapotá,68322.0,Mujer,Menores de Edad (<18 años),-,-,-,-,-,-,-,-
Santander , Guapotá,68322.0,Mujer,Mayores de Edad (>18 años),-,-,-,-,-,-,-,-
Santander , Guapotá,68322.0,MUJER,TOTAL,-,-,-,-,-,-,-,-
Santander , Guapotá,68322.0,Indeterminado,Menores de Edad (<18 años),-,-,-,-,-,-,-,-
Santander , Guapotá,68322.0,Indeterminado,Mayores de Edad (>18 años),-,-,-,-,-,-,-,-
Santander , Guapotá,68322.0,INDETERMINADO,TOTAL,-,-,-,-,-,-,-,-
Santander , Guapotá,68322.0,TOTAL,,-,-,-,1,-,-,-,1
Santander , Güepsa,68327.0,Hombre,Menores de Edad (<18 años),-,-,-,-,-,-,-,-
Santander , Güepsa,68327.0,Hombre,Mayores de Edad (>18 años),-,-,-,-,-,-,-,-
Santander , Güepsa,68327.0,HOMBRE,TOTAL,-,-,-,-,-,-,-,-
Santander , Güepsa,68327.0,Mujer,Menores de Edad (<18 años),-,-,-,-,-,-,-,-
Santander , Güepsa,68327.0,Mujer,Mayores de Edad (>18 años),-,1,-,-,-,-,-,1
Santander , Güepsa,68327.0,MUJER,TOTAL,-,1,-,-,-,-,-,1
Santander , Güepsa,68327.0,Indeterminado,Menores de Edad (<18 años),-,-,-,-,-,-,-,-
Santander , Güepsa,68327.0,Indeterminado,Mayores de Edad (>18 años),-,-,-,-,-,-,-,-
Santander , Güepsa,68327.0,INDETERMINADO,TOTAL,-,-,-,-,-,-,-,-
Santander , Güepsa,68327.0,TOTAL,,-,1,-,-,-,-,-,1
Santander , La Belleza,68377.0,Hombre,Menores de Edad (<18 años),-,-,-,-,-,-,-,-
Santander , La Belleza,68377.0,Hombre,Mayores de Edad (>18 años),-,-,-,1,-,-,-,1
Santander , La Belleza,68377.0,HOMBRE,TOTAL,-,-,-,1,-,-,-,1
Santander , La Belleza,68377.0,Mujer,Menores de Edad (<18 años),-,-,-,-,-,-,-,-
Santander , La Belleza,68377.0,Mujer,Mayores de Edad (>18 años),-,-,-,-,-,-,-,-
Santander , La Belleza,68377.0,MUJER,TOTAL,-,-,-,-,-,-,-,-
Santander , La Belleza,68377.0,Indeterminado,Menores de Edad (<18 años),-,-,-,-,-,-,-,-
Santander , La Belleza,68377.0,Indeterminado,Mayores de Edad (>18 años),-,-,-,-,-,-,-,-
Santander , La Belleza,68377.0,INDETERMINADO,TOTAL,-,-,-,-,-,-,-,-
Santander , La Belleza,68377.0,TOTAL,,-,-,-,1,-,-,-,1
Santander , La Paz,68397.0,Hombre,Menores de Edad (<18 años),-,-,-,-,-,-,-,-
Santander , La Paz,68397.0,Hombre,Mayores de Edad (>18 años),-,1,-,-,-,-,-,1
Santander , La Paz,68397.0,HOMBRE,TOTAL,-,1,-,-,-,-,-,1
Santander , La Paz,68397.0,Mujer,Menores de Edad (<18 años),-,-,-,-,-,-,-,-
Santander , La Paz,68397.0,Mujer,Mayores de Edad (>18 años),-,-,-,-,-,-,-,-
Santander , La Paz,68397.0,MUJER,TOTAL,-,-,-,-,-,-,-,-
Santander , La Paz,68397.0,Indeterminado,Menores de Edad (<18 años),-,-,-,-,-,-,-,-
Santander , La Paz,68397.0,Indeterminado,Mayores de Edad (>18 años),-,-,-,-,-,-,-,-
Santander , La Paz,68397.0,INDETERMINADO,TOTAL,-,-,-,-,-,-,-,-
Santander , La Paz,68397.0,TOTAL,,-,1,-,-,-,-,-,1
Santander , Landázuri,68385.0,Hombre,Menores de Edad (<18 años),-,-,-,-,-,-,-,-
Santander , Landázuri,68385.0,Hombre,Mayores de Edad (>18 años),-,-,-,1,-,-,-,1
Santander , Landázuri,68385.0,HOMBRE,TOTAL,-,-,-,1,-,-,-,1
Santander , Landázuri,68385.0,Mujer,Menores de Edad (<18 años),-,-,-,-,-,-,-,-
Santander , Landázuri,68385.0,Mujer,Mayores de Edad (>18 años),-,-,-,-,-,-,-,-
Santander , Landázuri,68385.0,MUJER,TOTAL,-,-,-,-,-,-,-,-
Santander , Landázuri,68385.0,Indeterminado,Menores de Edad (<18 años),-,-,-,-,-,-,-,-
Santander , Landázuri,68385.0,Indeterminado,Mayores de Edad (>18 años),-,-,-,-,-,-,-,-
Santander , Landázuri,68385.0,INDETERMINADO,TOTAL,-,-,-,-,-,-,-,-
Santander , Landázuri,68385.0,TOTAL,,-,-,-,1,-,-,-,1
Santander , Lebrija,68406.0,Hombre,Menores de Edad (<18 años),-,-,-,-,-,-,-,-
Santander , Lebrija,68406.0,Hombre,Mayores de Edad (>18 años),-,1,-,2,-,-,-,3
Santander , Lebrija,68406.0,HOMBRE,TOTAL,-,1,-,2,-,-,-,3
Santander , Lebrija,68406.0,Mujer,Menores de Edad (<18 años),-,-,-,-,-,-,-,-
Santander , Lebrija,68406.0,Mujer,Mayores de Edad (>18 años),-,-,-,-,-,-,-,-
Santander , Lebrija,68406.0,MUJER,TOTAL,-,-,-,-,-,-,-,-
Santander , Lebrija,68406.0,Indeterminado,Menores de Edad (<18 años),-,-,-,-,-,-,-,-
Santander , Lebrija,68406.0,Indeterminado,Mayores de Edad (>18 años),-,-,-,-,-,-,-,-
Santander , Lebrija,68406.0,INDETERMINADO,TOTAL,-,-,-,-,-,-,-,-
Santander , Lebrija,68406.0,TOTAL,,-,1,-,2,-,-,-,3
Santander , Málaga,68432.0,Hombre,Menores de Edad (<18 años),-,-,-,-,-,-,-,-
Santander , Málaga,68432.0,Hombre,Mayores de Edad (>18 años),-,1,-,-,-,-,-,1
Santander , Málaga,68432.0,HOMBRE,TOTAL,-,1,-,-,-,-,-,1
Santander , Málaga,68432.0,Mujer,Menores de Edad (<18 años),-,-,-,-,-,-,-,-
Santander , Málaga,68432.0,Mujer,Mayores de Edad (>18 años),-,-,-,-,-,-,-,-
Santander , Málaga,68432.0,MUJER,TOTAL,-,-,-,-,-,-,-,-
Santander , Málaga,68432.0,Indeterminado,Menores de Edad (<18 años),-,-,-,-,-,-,-,-
Santander , Málaga,68432.0,Indeterminado,Mayores de Edad (>18 años),-,-,-,-,-,-,-,-
Santander , Málaga,68432.0,INDETERMINADO,TOTAL,-,-,-,-,-,-,-,-
Santander , Málaga,68432.0,TOTAL,,-,1,-,-,-,-,-,1
Santander , Oiba,68500.0,Hombre,Menores de Edad (<18 años),-,-,-,-,-,-,-,-
Santander , Oiba,68500.0,Hombre,Mayores de Edad (>18 años),-,-,-,-,-,-,1,1
Santander , Oiba,68500.0,HOMBRE,TOTAL,-,-,-,-,-,-,1,1
Santander , Oiba,68500.0,Mujer,Menores de Edad (<18 años),-,-,-,-,-,-,-,-
Santander , Oiba,68500.0,Mujer,Mayores de Edad (>18 años),-,-,-,-,-,-,-,-
Santander , Oiba,68500.0,MUJER,TOTAL,-,-,-,-,-,-,-,-
Santander , Oiba,68500.0,Indeterminado,Menores de Edad (<18 años),-,-,-,-,-,-,-,-
Santander , Oiba,68500.0,Indeterminado,Mayores de Edad (>18 años),-,-,-,-,-,-,-,-
Santander , Oiba,68500.0,INDETERMINADO,TOTAL,-,-,-,-,-,-,-,-
Santander , Oiba,68500.0,TOTAL,,-,-,-,-,-,-,1,1
Santander , Piedecuesta,68547.0,Hombre,Menores de Edad (<18 años),-,-,-,-,-,-,-,-
Santander , Piedecuesta,68547.0,Hombre,Mayores de Edad (>18 años),-,-,-,24,-,-,1,25
Santander , Piedecuesta,68547.0,HOMBRE,TOTAL,-,-,-,24,-,-,1,25
Santander , Piedecuesta,68547.0,Mujer,Menores de Edad (<18 años),-,-,-,-,-,-,-,-
Santander , Piedecuesta,68547.0,Mujer,Mayores de Edad (>18 años),-,-,-,1,-,-,-,1
Santander , Piedecuesta,68547.0,MUJER,TOTAL,-,-,-,1,-,-,-,1
Santander , Piedecuesta,68547.0,Indeterminado,Menores de Edad (<18 años),-,-,-,-,-,-,-,-
Santander , Piedecuesta,68547.0,Indeterminado,Mayores de Edad (>18 años),-,-,-,-,-,-,-,-
Santander , Piedecuesta,68547.0,INDETERMINADO,TOTAL,-,-,-,-,-,-,-,-
Santander , Piedecuesta,68547.0,TOTAL,,-,-,-,25,-,-,1,26
Santander , Puerto Wilches,68575.0,Hombre,Menores de Edad (<18 años),-,-,-,2,-,-,-,2
Santander , Puerto Wilches,68575.0,Hombre,Mayores de Edad (>18 años),-,-,-,9,-,-,-,9
Santander , Puerto Wilches,68575.0,HOMBRE,TOTAL,-,-,-,11,-,-,-,11
Santander , Puerto Wilches,68575.0,Mujer,Menores de Edad (<18 años),-,-,-,-,-,-,-,-
Santander , Puerto Wilches,68575.0,Mujer,Mayores de Edad (>18 años),-,-,-,-,-,-,-,-
Santander , Puerto Wilches,68575.0,MUJER,TOTAL,-,-,-,-,-,-,-,-
Santander , Puerto Wilches,68575.0,Indeterminado,Menores de Edad (<18 años),-,-,-,-,-,-,-,-
Santander , Puerto Wilches,68575.0,Indeterminado,Mayores de Edad (>18 años),-,-,-,-,-,-,-,-
Santander , Puerto Wilches,68575.0,INDETERMINADO,TOTAL,-,-,-,-,-,-,-,-
Santander , Puerto Wilches,68575.0,TOTAL,,-,-,-,11,-,-,-,11
Santander , Rionegro,68615.0,Hombre,Menores de Edad (<18 años),-,-,-,-,-,-,-,-
Santander , Rionegro,68615.0,Hombre,Mayores de Edad (>18 años),-,-,-,5,-,-,-,5
Santander , Rionegro,68615.0,HOMBRE,TOTAL,-,-,-,5,-,-,-,5
Santander , Rionegro,68615.0,Mujer,Menores de Edad (<18 años),-,-,-,-,-,-,-,-
Santander , Rionegro,68615.0,Mujer,Mayores de Edad (>18 años),-,-,-,-,-,-,-,-
Santander , Rionegro,68615.0,MUJER,TOTAL,-,-,-,-,-,-,-,-
Santander , Rionegro,68615.0,Indeterminado,Menores de Edad (<18 años),-,-,-,-,-,-,-,-
Santander , Rionegro,68615.0,Indeterminado,Mayores de Edad (>18 años),-,-,-,-,-,-,-,-
Santander , Rionegro,68615.0,INDETERMINADO,TOTAL,-,-,-,-,-,-,-,-
Santander , Rionegro,68615.0,TOTAL,,-,-,-,5,-,-,-,5
Santander , Sabana de Torres,68655.0,Hombre,Menores de Edad (<18 años),-,-,-,1,-,-,-,1
Santander , Sabana de Torres,68655.0,Hombre,Mayores de Edad (>18 años),-,-,-,6,-,-,3,9
Santander , Sabana de Torres,68655.0,HOMBRE,TOTAL,-,-,-,7,-,-,3,10
Santander , Sabana de Torres,68655.0,Mujer,Menores de Edad (<18 años),-,-,-,-,-,-,-,-
Santander , Sabana de Torres,68655.0,Mujer,Mayores de Edad (>18 años),-,-,-,-,-,-,-,-
Santander , Sabana de Torres,68655.0,MUJER,TOTAL,-,-,-,-,-,-,-,-
Santander , Sabana de Torres,68655.0,Indeterminado,Menores de Edad (<18 años),-,-,-,-,-,-,-,-
Santander , Sabana de Torres,68655.0,Indeterminado,Mayores de Edad (>18 años),-,-,-,-,-,-,-,-
Santander , Sabana de Torres,68655.0,INDETERMINADO,TOTAL,-,-,-,-,-,-,-,-
Santander , Sabana de Torres,68655.0,TOTAL,,-,-,-,7,-,-,3,10
Santander , San Gil,68679.0,Hombre,Menores de Edad (<18 años),-,-,-,-,-,-,-,-
Santander , San Gil,68679.0,Hombre,Mayores de Edad (>18 años),-,-,-,-,-,-,1,1
Santander , San Gil,68679.0,HOMBRE,TOTAL,-,-,-,-,-,-,1,1
Santander , San Gil,68679.0,Mujer,Menores de Edad (<18 años),-,-,-,-,-,-,-,-
Santander , San Gil,68679.0,Mujer,Mayores de Edad (>18 años),-,-,-,-,-,-,-,-
Santander , San Gil,68679.0,MUJER,TOTAL,-,-,-,-,-,-,-,-
Santander , San Gil,68679.0,Indeterminado,Menores de Edad (<18 años),-,-,-,-,-,-,-,-
Santander , San Gil,68679.0,Indeterminado,Mayores de Edad (>18 años),-,-,-,-,-,-,-,-
Santander , San Gil,68679.0,INDETERMINADO,TOTAL,-,-,-,-,-,-,-,-
Santander , San Gil,68679.0,TOTAL,,-,-,-,-,-,-,1,1
Santander , San Vicente de Chucurí,68689.0,Hombre,Menores de Edad (<18 años),-,-,-,-,-,-,-,-
Santander , San Vicente de Chucurí,68689.0,Hombre,Mayores de Edad (>18 años),-,-,-,2,-,-,1,3
Santander , San Vicente de Chucurí,68689.0,HOMBRE,TOTAL,-,-,-,2,-,-,1,3
Santander , San Vicente de Chucurí,68689.0,Mujer,Menores de Edad (<18 años),-,-,-,-,-,-,-,-
Santander , San Vicente de Chucurí,68689.0,Mujer,Mayores de Edad (>18 años),-,-,-,-,-,-,-,-
Santander , San Vicente de Chucurí,68689.0,MUJER,TOTAL,-,-,-,-,-,-,-,-
Santander , San Vicente de Chucurí,68689.0,Indeterminado,Menores de Edad (<18 años),-,-,-,-,-,-,-,-
Santander , San Vicente de Chucurí,68689.0,Indeterminado,Mayores de Edad (>18 años),-,-,-,-,-,-,-,-
Santander , San Vicente de Chucurí,68689.0,INDETERMINADO,TOTAL,-,-,-,-,-,-,-,-
Santander , San Vicente de Chucurí,68689.0,TOTAL,,-,-,-,2,-,-,1,3
Santander , Simacota,68745.0,Hombre,Menores de Edad (<18 años),-,-,-,-,-,-,-,-
Santander , Simacota,68745.0,Hombre,Mayores de Edad (>18 años),-,-,-,2,-,-,-,2
Santander , Simacota,68745.0,HOMBRE,TOTAL,-,-,-,2,-,-,-,2
Santander , Simacota,68745.0,Mujer,Menores de Edad (<18 años),-,-,-,-,-,-,-,-
Santander , Simacota,68745.0,Mujer,Mayores de Edad (>18 años),-,-,-,-,-,-,-,-
Santander , Simacota,68745.0,MUJER,TOTAL,-,-,-,-,-,-,-,-
Santander , Simacota,68745.0,Indeterminado,Menores de Edad (<18 años),-,-,-,-,-,-,-,-
Santander , Simacota,68745.0,Indeterminado,Mayores de Edad (>18 años),-,-,-,-,-,-,-,-
Santander , Simacota,68745.0,INDETERMINADO,TOTAL,-,-,-,-,-,-,-,-
Santander , Simacota,68745.0,TOTAL,,-,-,-,2,-,-,-,2
Santander , Socorro,68755.0,Hombre,Menores de Edad (<18 años),-,-,-,1,-,-,-,1
Santander , Socorro,68755.0,Hombre,Mayores de Edad (>18 años),-,-,-,-,-,-,-,-
Santander , Socorro,68755.0,HOMBRE,TOTAL,-,-,-,1,-,-,-,1
Santander , Socorro,68755.0,Mujer,Menores de Edad (<18 años),-,-,-,-,-,-,-,-
Santander , Socorro,68755.0,Mujer,Mayores de Edad (>18 años),-,-,-,-,-,-,-,-
Santander , Socorro,68755.0,MUJER,TOTAL,-,-,-,-,-,-,-,-
Santander , Socorro,68755.0,Indeterminado,Menores de Edad (<18 años),-,-,-,-,-,-,-,-
Santander , Socorro,68755.0,Indeterminado,Mayores de Edad (>18 años),-,-,-,-,-,-,-,-
Santander , Socorro,68755.0,INDETERMINADO,TOTAL,-,-,-,-,-,-,-,-
Santander , Socorro,68755.0,TOTAL,,-,-,-,1,-,-,-,1
Santander , Sucre,68773.0,Hombre,Menores de Edad (<18 años),-,-,-,-,-,-,-,-
Santander , Sucre,68773.0,Hombre,Mayores de Edad (>18 años),-,2,-,-,-,-,-,2
Santander , Sucre,68773.0,HOMBRE,TOTAL,-,2,-,-,-,-,-,2
Santander , Sucre,68773.0,Mujer,Menores de Edad (<18 años),-,-,-,-,-,-,-,-
Santander , Sucre,68773.0,Mujer,Mayores de Edad (>18 años),-,1,-,-,-,-,-,1
Santander , Sucre,68773.0,MUJER,TOTAL,-,1,-,-,-,-,-,1
Santander , Sucre,68773.0,Indeterminado,Menores de Edad (<18 años),-,-,-,-,-,-,-,-
Santander , Sucre,68773.0,Indeterminado,Mayores de Edad (>18 años),-,-,-,-,-,-,-,-
Santander , Sucre,68773.0,INDETERMINADO,TOTAL,-,-,-,-,-,-,-,-
Santander , Sucre,68773.0,TOTAL,,-,3,-,-,-,-,-,3
Sucre , Buenavista,70110.0,Hombre,Menores de Edad (<18 años),-,-,-,1,-,-,-,1
Sucre , Buenavista,70110.0,Hombre,Mayores de Edad (>18 años),-,-,-,-,-,-,-,-
Sucre , Buenavista,70110.0,HOMBRE,TOTAL,-,-,-,1,-,-,-,1
Sucre , Buenavista,70110.0,Mujer,Menores de Edad (<18 años),-,-,-,-,-,-,-,-
Sucre , Buenavista,70110.0,Mujer,Mayores de Edad (>18 años),-,-,-,-,-,-,-,-
Sucre , Buenavista,70110.0,MUJER,TOTAL,-,-,-,-,-,-,-,-
Sucre , Buenavista,70110.0,Indeterminado,Menores de Edad (<18 años),-,-,-,-,-,-,-,-
Sucre , Buenavista,70110.0,Indeterminado,Mayores de Edad (>18 años),-,-,-,-,-,-,-,-
Sucre , Buenavista,70110.0,INDETERMINADO,TOTAL,-,-,-,-,-,-,-,-
Sucre , Buenavista,70110.0,TOTAL,,-,-,-,1,-,-,-,1
Sucre , Coloso,70204.0,Hombre,Menores de Edad (<18 años),-,-,-,-,-,-,-,-
Sucre , Coloso,70204.0,Hombre,Mayores de Edad (>18 años),-,-,-,2,-,-,-,2
Sucre , Coloso,70204.0,HOMBRE,TOTAL,-,-,-,2,-,-,-,2
Sucre , Coloso,70204.0,Mujer,Menores de Edad (<18 años),-,-,-,-,-,-,-,-
Sucre , Coloso,70204.0,Mujer,Mayores de Edad (>18 años),-,-,-,-,-,-,-,-
Sucre , Coloso,70204.0,MUJER,TOTAL,-,-,-,-,-,-,-,-
Sucre , Coloso,70204.0,Indeterminado,Menores de Edad (<18 años),-,-,-,-,-,-,-,-
Sucre , Coloso,70204.0,Indeterminado,Mayores de Edad (>18 años),-,-,-,-,-,-,-,-
Sucre , Coloso,70204.0,INDETERMINADO,TOTAL,-,-,-,-,-,-,-,-
Sucre , Coloso,70204.0,TOTAL,,-,-,-,2,-,-,-,2
Sucre , Corozal,70215.0,Hombre,Menores de Edad (<18 años),-,-,-,-,-,-,-,-
Sucre , Corozal,70215.0,Hombre,Mayores de Edad (>18 años),-,-,-,12,-,-,-,12
Sucre , Corozal,70215.0,HOMBRE,TOTAL,-,-,-,12,-,-,-,12
Sucre , Corozal,70215.0,Mujer,Menores de Edad (<18 años),-,-,-,-,-,-,-,-
Sucre , Corozal,70215.0,Mujer,Mayores de Edad (>18 años),-,-,-,2,-,-,-,2
Sucre , Corozal,70215.0,MUJER,TOTAL,-,-,-,2,-,-,-,2
Sucre , Corozal,70215.0,Indeterminado,Menores de Edad (<18 años),-,-,-,-,-,-,-,-
Sucre , Corozal,70215.0,Indeterminado,Mayores de Edad (>18 años),-,-,-,-,-,-,-,-
Sucre , Corozal,70215.0,INDETERMINADO,TOTAL,-,-,-,-,-,-,-,-
Sucre , Corozal,70215.0,TOTAL,,-,-,-,14,-,-,-,14
Sucre , Coveñas,70221.0,Hombre,Menores de Edad (<18 años),-,-,-,-,-,-,-,-
Sucre , Coveñas,70221.0,Hombre,Mayores de Edad (>18 años),-,-,-,1,-,2,-,3
Sucre , Coveñas,70221.0,HOMBRE,TOTAL,-,-,-,1,-,2,-,3
Sucre , Coveñas,70221.0,Mujer,Menores de Edad (<18 años),-,-,-,-,-,-,-,-
Sucre , Coveñas,70221.0,Mujer,Mayores de Edad (>18 años),-,-,-,1,-,-,-,1
Sucre , Coveñas,70221.0,MUJER,TOTAL,-,-,-,1,-,-,-,1
Sucre , Coveñas,70221.0,Indeterminado,Menores de Edad (<18 años),-,-,-,-,-,-,-,-
Sucre , Coveñas,70221.0,Indeterminado,Mayores de Edad (>18 años),-,-,-,-,-,-,-,-
Sucre , Coveñas,70221.0,INDETERMINADO,TOTAL,-,-,-,-,-,-,-,-
Sucre , Coveñas,70221.0,TOTAL,,-,-,-,2,-,2,-,4
Sucre , El Roble,70233.0,Hombre,Menores de Edad (<18 años),-,-,-,-,-,-,-,-
Sucre , El Roble,70233.0,Hombre,Mayores de Edad (>18 años),-,-,-,-,-,-,1,1
Sucre , El Roble,70233.0,HOMBRE,TOTAL,-,-,-,-,-,-,1,1
Sucre , El Roble,70233.0,Mujer,Menores de Edad (<18 años),-,-,-,-,-,-,-,-
Sucre , El Roble,70233.0,Mujer,Mayores de Edad (>18 años),-,-,-,-,-,-,-,-
Sucre , El Roble,70233.0,MUJER,TOTAL,-,-,-,-,-,-,-,-
Sucre , El Roble,70233.0,Indeterminado,Menores de Edad (<18 años),-,-,-,-,-,-,-,-
Sucre , El Roble,70233.0,Indeterminado,Mayores de Edad (>18 años),-,-,-,-,-,-,-,-
Sucre , El Roble,70233.0,INDETERMINADO,TOTAL,-,-,-,-,-,-,-,-
Sucre , El Roble,70233.0,TOTAL,,-,-,-,-,-,-,1,1
Sucre , Galeras,70235.0,Hombre,Menores de Edad (<18 años),-,-,-,-,-,-,-,-
Sucre , Galeras,70235.0,Hombre,Mayores de Edad (>18 años),-,-,-,4,-,-,-,4
Sucre , Galeras,70235.0,HOMBRE,TOTAL,-,-,-,4,-,-,-,4
Sucre , Galeras,70235.0,Mujer,Menores de Edad (<18 años),-,-,-,-,-,-,-,-
Sucre , Galeras,70235.0,Mujer,Mayores de Edad (>18 años),-,-,-,-,-,-,-,-
Sucre , Galeras,70235.0,MUJER,TOTAL,-,-,-,-,-,-,-,-
Sucre , Galeras,70235.0,Indeterminado,Menores de Edad (<18 años),-,-,-,-,-,-,-,-
Sucre , Galeras,70235.0,Indeterminado,Mayores de Edad (>18 años),-,-,-,-,-,-,-,-
Sucre , Galeras,70235.0,INDETERMINADO,TOTAL,-,-,-,-,-,-,-,-
Sucre , Galeras,70235.0,TOTAL,,-,-,-,4,-,-,-,4
Sucre , Los Palmitos,70418.0,Hombre,Menores de Edad (<18 años),-,-,-,-,-,-,-,-
Sucre , Los Palmitos,70418.0,Hombre,Mayores de Edad (>18 años),-,-,-,1,-,-,-,1
Sucre , Los Palmitos,70418.0,HOMBRE,TOTAL,-,-,-,1,-,-,-,1
Sucre , Los Palmitos,70418.0,Mujer,Menores de Edad (<18 años),-,-,-,-,-,-,-,-
Sucre , Los Palmitos,70418.0,Mujer,Mayores de Edad (>18 años),-,-,-,-,-,-,-,-
Sucre , Los Palmitos,70418.0,MUJER,TOTAL,-,-,-,-,-,-,-,-
Sucre , Los Palmitos,70418.0,Indeterminado,Menores de Edad (<18 años),-,-,-,-,-,-,-,-
Sucre , Los Palmitos,70418.0,Indeterminado,Mayores de Edad (>18 años),-,-,-,-,-,-,-,-
Sucre , Los Palmitos,70418.0,INDETERMINADO,TOTAL,-,-,-,-,-,-,-,-
Sucre , Los Palmitos,70418.0,TOTAL,,-,-,-,1,-,-,-,1
Sucre , Majagual,70429.0,Hombre,Menores de Edad (<18 años),-,-,-,-,-,-,-,-
Sucre , Majagual,70429.0,Hombre,Mayores de Edad (>18 años),-,-,-,6,-,-,-,6
Sucre , Majagual,70429.0,HOMBRE,TOTAL,-,-,-,6,-,-,-,6
Sucre , Majagual,70429.0,Mujer,Menores de Edad (<18 años),-,-,-,-,-,-,-,-
Sucre , Majagual,70429.0,Mujer,Mayores de Edad (>18 años),-,-,-,-,-,-,-,-
Sucre , Majagual,70429.0,MUJER,TOTAL,-,-,-,-,-,-,-,-
Sucre , Majagual,70429.0,Indeterminado,Menores de Edad (<18 años),-,-,-,-,-,-,-,-
Sucre , Majagual,70429.0,Indeterminado,Mayores de Edad (>18 años),-,-,-,-,-,-,-,-
Sucre , Majagual,70429.0,INDETERMINADO,TOTAL,-,-,-,-,-,-,-,-
Sucre , Majagual,70429.0,TOTAL,,-,-,-,6,-,-,-,6
Sucre , Ovejas,70508.0,Hombre,Menores de Edad (<18 años),-,-,-,-,-,-,-,-
Sucre , Ovejas,70508.0,Hombre,Mayores de Edad (>18 años),-,-,-,1,-,-,-,1
Sucre , Ovejas,70508.0,HOMBRE,TOTAL,-,-,-,1,-,-,-,1
Sucre , Ovejas,70508.0,Mujer,Menores de Edad (<18 años),-,-,-,-,-,-,-,-
Sucre , Ovejas,70508.0,Mujer,Mayores de Edad (>18 años),-,-,-,-,-,-,-,-
Sucre , Ovejas,70508.0,MUJER,TOTAL,-,-,-,-,-,-,-,-
Sucre , Ovejas,70508.0,Indeterminado,Menores de Edad (<18 años),-,-,-,-,-,-,-,-
Sucre , Ovejas,70508.0,Indeterminado,Mayores de Edad (>18 años),-,-,-,-,-,-,-,-
Sucre , Ovejas,70508.0,INDETERMINADO,TOTAL,-,-,-,-,-,-,-,-
Sucre , Ovejas,70508.0,TOTAL,,-,-,-,1,-,-,-,1
Sucre , Sampués,70670.0,Hombre,Menores de Edad (<18 años),-,-,-,-,-,-,-,-
Sucre , Sampués,70670.0,Hombre,Mayores de Edad (>18 años),-,-,-,6,-,-,-,6
Sucre , Sampués,70670.0,HOMBRE,TOTAL,-,-,-,6,-,-,-,6
Sucre , Sampués,70670.0,Mujer,Menores de Edad (<18 años),-,-,-,-,-,-,-,-
Sucre , Sampués,70670.0,Mujer,Mayores de Edad (>18 años),-,-,-,-,-,-,-,-
Sucre , Sampués,70670.0,MUJER,TOTAL,-,-,-,-,-,-,-,-
Sucre , Sampués,70670.0,Indeterminado,Menores de Edad (<18 años),-,-,-,-,-,-,-,-
Sucre , Sampués,70670.0,Indeterminado,Mayores de Edad (>18 años),-,-,-,-,-,-,-,-
Sucre , Sampués,70670.0,INDETERMINADO,TOTAL,-,-,-,-,-,-,-,-
Sucre , Sampués,70670.0,TOTAL,,-,-,-,6,-,-,-,6
Sucre , San Benito Abad,70678.0,Hombre,Menores de Edad (<18 años),-,-,-,-,-,-,-,-
Sucre , San Benito Abad,70678.0,Hombre,Mayores de Edad (>18 años),-,-,-,4,-,-,-,4
Sucre , San Benito Abad,70678.0,HOMBRE,TOTAL,-,-,-,4,-,-,-,4
Sucre , San Benito Abad,70678.0,Mujer,Menores de Edad (<18 años),-,-,-,-,-,-,-,-
Sucre , San Benito Abad,70678.0,Mujer,Mayores de Edad (>18 años),-,-,-,-,-,-,-,-
Sucre , San Benito Abad,70678.0,MUJER,TOTAL,-,-,-,-,-,-,-,-
Sucre , San Benito Abad,70678.0,Indeterminado,Menores de Edad (<18 años),-,-,-,-,-,-,-,-
Sucre , San Benito Abad,70678.0,Indeterminado,Mayores de Edad (>18 años),-,-,-,-,-,-,-,-
Sucre , San Benito Abad,70678.0,INDETERMINADO,TOTAL,-,-,-,-,-,-,-,-
Sucre , San Benito Abad,70678.0,TOTAL,,-,-,-,4,-,-,-,4
Sucre , San Juan de Betulia,70702.0,Hombre,Menores de Edad (<18 años),-,-,-,-,-,-,-,-
Sucre , San Juan de Betulia,70702.0,Hombre,Mayores de Edad (>18 años),-,-,-,1,-,-,-,1
Sucre , San Juan de Betulia,70702.0,HOMBRE,TOTAL,-,-,-,1,-,-,-,1
Sucre , San Juan de Betulia,70702.0,Mujer,Menores de Edad (<18 años),-,-,-,-,-,-,-,-
Sucre , San Juan de Betulia,70702.0,Mujer,Mayores de Edad (>18 años),-,-,-,-,-,-,-,-
Sucre , San Juan de Betulia,70702.0,MUJER,TOTAL,-,-,-,-,-,-,-,-
Sucre , San Juan de Betulia,70702.0,Indeterminado,Menores de Edad (<18 años),-,-,-,-,-,-,-,-
Sucre , San Juan de Betulia,70702.0,Indeterminado,Mayores de Edad (>18 años),-,-,-,-,-,-,-,-
Sucre , San Juan de Betulia,70702.0,INDETERMINADO,TOTAL,-,-,-,-,-,-,-,-
Sucre , San Juan de Betulia,70702.0,TOTAL,,-,-,-,1,-,-,-,1
Sucre , San Luis de Sincé,70742.0,Hombre,Menores de Edad (<18 años),-,-,-,1,-,-,-,1
Sucre , San Luis de Sincé,70742.0,Hombre,Mayores de Edad (>18 años),-,-,-,1,-,-,-,1
Sucre , San Luis de Sincé,70742.0,HOMBRE,TOTAL,-,-,-,2,-,-,-,2
Sucre , San Luis de Sincé,70742.0,Mujer,Menores de Edad (<18 años),-,-,-,-,-,-,-,-
Sucre , San Luis de Sincé,70742.0,Mujer,Mayores de Edad (>18 años),-,-,-,-,-,-,-,-
Sucre , San Luis de Sincé,70742.0,MUJER,TOTAL,-,-,-,-,-,-,-,-
Sucre , San Luis de Sincé,70742.0,Indeterminado,Menores de Edad (<18 años),-,-,-,-,-,-,-,-
Sucre , San Luis de Sincé,70742.0,Indeterminado,Mayores de Edad (>18 años),-,-,-,-,-,-,-,-
Sucre , San Luis de Sincé,70742.0,INDETERMINADO,TOTAL,-,-,-,-,-,-,-,-
Sucre , San Luis de Sincé,70742.0,TOTAL,,-,-,-,2,-,-,-,2
Sucre , San Marcos,70708.0,Hombre,Menores de Edad (<18 años),-,-,-,1,-,-,-,1
Sucre , San Marcos,70708.0,Hombre,Mayores de Edad (>18 años),-,-,-,9,-,-,1,10
Sucre , San Marcos,70708.0,HOMBRE,TOTAL,-,-,-,10,-,-,1,11
Sucre , San Marcos,70708.0,Mujer,Menores de Edad (<18 años),-,-,-,-,-,-,-,-
Sucre , San Marcos,70708.0,Mujer,Mayores de Edad (>18 años),-,-,-,-,-,-,-,-
Sucre , San Marcos,70708.0,MUJER,TOTAL,-,-,-,-,-,-,-,-
Sucre , San Marcos,70708.0,Indeterminado,Menores de Edad (<18 años),-,-,-,-,-,-,-,-
Sucre , San Marcos,70708.0,Indeterminado,Mayores de Edad (>18 años),-,-,-,-,-,-,-,-
Sucre , San Marcos,70708.0,INDETERMINADO,TOTAL,-,-,-,-,-,-,-,-
Sucre , San Marcos,70708.0,TOTAL,,-,-,-,10,-,-,1,11
Sucre , San Onofre,70713.0,Hombre,Menores de Edad (<18 años),-,-,-,-,-,-,-,-
Sucre , San Onofre,70713.0,Hombre,Mayores de Edad (>18 años),-,-,-,2,-,8,-,10
Sucre , San Onofre,70713.0,HOMBRE,TOTAL,-,-,-,2,-,8,-,10
Sucre , San Onofre,70713.0,Mujer,Menores de Edad (<18 años),-,-,-,-,-,-,-,-
Sucre , San Onofre,70713.0,Mujer,Mayores de Edad (>18 años),-,-,-,1,-,-,-,1
Sucre , San Onofre,70713.0,MUJER,TOTAL,-,-,-,1,-,-,-,1
Sucre , San Onofre,70713.0,Indeterminado,Menores de Edad (<18 años),-,-,-,-,-,-,-,-
Sucre , San Onofre,70713.0,Indeterminado,Mayores de Edad (>18 años),-,-,-,-,-,-,-,-
Sucre , San Onofre,70713.0,INDETERMINADO,TOTAL,-,-,-,-,-,-,-,-
Sucre , San Onofre,70713.0,TOTAL,,-,-,-,3,-,8,-,11
Sucre , San Pedro,70717.0,Hombre,Menores de Edad (<18 años),-,-,-,-,-,-,-,-
Sucre , San Pedro,70717.0,Hombre,Mayores de Edad (>18 años),-,-,-,2,-,-,-,2
Sucre , San Pedro,70717.0,HOMBRE,TOTAL,-,-,-,2,-,-,-,2
Sucre , San Pedro,70717.0,Mujer,Menores de Edad (<18 años),-,-,-,-,-,-,-,-
Sucre , San Pedro,70717.0,Mujer,Mayores de Edad (>18 años),-,-,-,2,-,-,-,2
Sucre , San Pedro,70717.0,MUJER,TOTAL,-,-,-,2,-,-,-,2
Sucre , San Pedro,70717.0,Indeterminado,Menores de Edad (<18 años),-,-,-,-,-,-,-,-
Sucre , San Pedro,70717.0,Indeterminado,Mayores de Edad (>18 años),-,-,-,-,-,-,-,-
Sucre , San Pedro,70717.0,INDETERMINADO,TOTAL,-,-,-,-,-,-,-,-
Sucre , San Pedro,70717.0,TOTAL,,-,-,-,4,-,-,-,4
Sucre , Santiago de Tolú,70820.0,Hombre,Menores de Edad (<18 años),-,-,-,-,-,-,-,-
Sucre , Santiago de Tolú,70820.0,Hombre,Mayores de Edad (>18 años),-,-,-,5,-,5,-,10
Sucre , Santiago de Tolú,70820.0,HOMBRE,TOTAL,-,-,-,5,-,5,-,10
Sucre , Santiago de Tolú,70820.0,Mujer,Menores de Edad (<18 años),-,-,-,-,-,-,-,-
Sucre , Santiago de Tolú,70820.0,Mujer,Mayores de Edad (>18 años),-,-,-,1,-,-,-,1
Sucre , Santiago de Tolú,70820.0,MUJER,TOTAL,-,-,-,1,-,-,-,1
Sucre , Santiago de Tolú,70820.0,Indeterminado,Menores de Edad (<18 años),-,-,-,-,-,-,-,-
Sucre , Santiago de Tolú,70820.0,Indeterminado,Mayores de Edad (>18 años),-,-,-,-,-,-,-,-
Sucre , Santiago de Tolú,70820.0,INDETERMINADO,TOTAL,-,-,-,-,-,-,-,-
Sucre , Santiago de Tolú,70820.0,TOTAL,,-,-,-,6,-,5,-,11
Sucre , Sincelejo,70001.0,Hombre,Menores de Edad (<18 años),-,-,-,1,-,-,-,1
Sucre , Sincelejo,70001.0,Hombre,Mayores de Edad (>18 años),-,1,-,35,-,1,1,38
Sucre , Sincelejo,70001.0,HOMBRE,TOTAL,-,1,-,36,-,1,1,39
Sucre , Sincelejo,70001.0,Mujer,Menores de Edad (<18 años),-,-,-,-,-,-,-,-
Sucre , Sincelejo,70001.0,Mujer,Mayores de Edad (>18 años),-,-,-,2,-,-,-,2
Sucre , Sincelejo,70001.0,MUJER,TOTAL,-,-,-,2,-,-,-,2
Sucre , Sincelejo,70001.0,Indeterminado,Menores de Edad (<18 años),-,-,-,-,-,-,-,-
Sucre , Sincelejo,70001.0,Indeterminado,Mayores de Edad (>18 años),-,-,-,-,-,-,-,-
Sucre , Sincelejo,70001.0,INDETERMINADO,TOTAL,-,-,-,-,-,-,-,-
Sucre , Sincelejo,70001.0,TOTAL,,-,1,-,38,-,1,1,41
Sucre , Sucre,70771.0,Hombre,Menores de Edad (<18 años),-,-,-,-,-,-,-,-
Sucre , Sucre,70771.0,Hombre,Mayores de Edad (>18 años),-,-,-,1,-,-,-,1
Sucre , Sucre,70771.0,HOMBRE,TOTAL,-,-,-,1,-,-,-,1
Sucre , Sucre,70771.0,Mujer,Menores de Edad (<18 años),-,-,-,-,-,-,-,-
Sucre , Sucre,70771.0,Mujer,Mayores de Edad (>18 años),-,-,-,-,-,-,-,-
Sucre , Sucre,70771.0,MUJER,TOTAL,-,-,-,-,-,-,-,-
Sucre , Sucre,70771.0,Indeterminado,Menores de Edad (<18 años),-,-,-,-,-,-,-,-
Sucre , Sucre,70771.0,Indeterminado,Mayores de Edad (>18 años),-,-,-,-,-,-,-,-
Sucre , Sucre,70771.0,INDETERMINADO,TOTAL,-,-,-,-,-,-,-,-
Sucre , Sucre,70771.0,TOTAL,,-,-,-,1,-,-,-,1
Sucre , Tolú Viejo,70823.0,Hombre,Menores de Edad (<18 años),-,-,-,1,-,-,-,1
Sucre , Tolú Viejo,70823.0,Hombre,Mayores de Edad (>18 años),-,-,-,4,-,-,-,4
Sucre , Tolú Viejo,70823.0,HOMBRE,TOTAL,-,-,-,5,-,-,-,5
Sucre , Tolú Viejo,70823.0,Mujer,Menores de Edad (<18 años),-,-,-,-,-,-,-,-
Sucre , Tolú Viejo,70823.0,Mujer,Mayores de Edad (>18 años),-,-,-,-,-,-,-,-
Sucre , Tolú Viejo,70823.0,MUJER,TOTAL,-,-,-,-,-,-,-,-
Sucre , Tolú Viejo,70823.0,Indeterminado,Menores de Edad (<18 años),-,-,-,-,-,-,-,-
Sucre , Tolú Viejo,70823.0,Indeterminado,Mayores de Edad (>18 años),-,-,-,-,-,-,-,-
Sucre , Tolú Viejo,70823.0,INDETERMINADO,TOTAL,-,-,-,-,-,-,-,-
Sucre , Tolú Viejo,70823.0,TOTAL,,-,-,-,5,-,-,-,5
Tolima , Alpujarra,73024.0,Hombre,Menores de Edad (<18 años),-,-,-,-,-,-,-,-
Tolima , Alpujarra,73024.0,Hombre,Mayores de Edad (>18 años),-,-,-,2,-,-,-,2
Tolima , Alpujarra,73024.0,HOMBRE,TOTAL,-,-,-,2,-,-,-,2
Tolima , Alpujarra,73024.0,Mujer,Menores de Edad (<18 años),-,-,-,-,-,-,-,-
Tolima , Alpujarra,73024.0,Mujer,Mayores de Edad (>18 años),-,-,-,-,-,-,-,-
Tolima , Alpujarra,73024.0,MUJER,TOTAL,-,-,-,-,-,-,-,-
Tolima , Alpujarra,73024.0,Indeterminado,Menores de Edad (<18 años),-,-,-,-,-,-,-,-
Tolima , Alpujarra,73024.0,Indeterminado,Mayores de Edad (>18 años),-,-,-,-,-,-,-,-
Tolima , Alpujarra,73024.0,INDETERMINADO,TOTAL,-,-,-,-,-,-,-,-
Tolima , Alpujarra,73024.0,TOTAL,,-,-,-,2,-,-,-,2
Tolima , Alvarado,73026.0,Hombre,Menores de Edad (<18 años),-,-,-,-,-,-,-,-
Tolima , Alvarado,73026.0,Hombre,Mayores de Edad (>18 años),-,-,-,1,-,-,-,1
Tolima , Alvarado,73026.0,HOMBRE,TOTAL,-,-,-,1,-,-,-,1
Tolima , Alvarado,73026.0,Mujer,Menores de Edad (<18 años),-,-,-,-,-,-,-,-
Tolima , Alvarado,73026.0,Mujer,Mayores de Edad (>18 años),-,-,-,-,-,-,-,-
Tolima , Alvarado,73026.0,MUJER,TOTAL,-,-,-,-,-,-,-,-
Tolima , Alvarado,73026.0,Indeterminado,Menores de Edad (<18 años),-,-,-,-,-,-,-,-
Tolima , Alvarado,73026.0,Indeterminado,Mayores de Edad (>18 años),-,-,-,-,-,-,-,-
Tolima , Alvarado,73026.0,INDETERMINADO,TOTAL,-,-,-,-,-,-,-,-
Tolima , Alvarado,73026.0,TOTAL,,-,-,-,1,-,-,-,1
Tolima , Anzoátegui,73043.0,Hombre,Menores de Edad (<18 años),-,-,-,-,-,-,-,-
Tolima , Anzoátegui,73043.0,Hombre,Mayores de Edad (>18 años),-,1,-,8,-,-,-,9
Tolima , Anzoátegui,73043.0,HOMBRE,TOTAL,-,1,-,8,-,-,-,9
Tolima , Anzoátegui,73043.0,Mujer,Menores de Edad (<18 años),-,-,-,-,-,-,-,-
Tolima , Anzoátegui,73043.0,Mujer,Mayores de Edad (>18 años),-,-,-,-,-,-,-,-
Tolima , Anzoátegui,73043.0,MUJER,TOTAL,-,-,-,-,-,-,-,-
Tolima , Anzoátegui,73043.0,Indeterminado,Menores de Edad (<18 años),-,-,-,-,-,-,-,-
Tolima , Anzoátegui,73043.0,Indeterminado,Mayores de Edad (>18 años),-,-,-,-,-,-,-,-
Tolima , Anzoátegui,73043.0,INDETERMINADO,TOTAL,-,-,-,-,-,-,-,-
Tolima , Anzoátegui,73043.0,TOTAL,,-,1,-,8,-,-,-,9
Tolima , Armero Guayabal,73055.0,Hombre,Menores de Edad (<18 años),-,-,-,-,-,-,-,-
Tolima , Armero Guayabal,73055.0,Hombre,Mayores de Edad (>18 años),-,-,-,2,-,-,-,2
Tolima , Armero Guayabal,73055.0,HOMBRE,TOTAL,-,-,-,2,-,-,-,2
Tolima , Armero Guayabal,73055.0,Mujer,Menores de Edad (<18 años),-,-,-,-,-,-,-,-
Tolima , Armero Guayabal,73055.0,Mujer,Mayores de Edad (>18 años),-,-,-,-,-,-,-,-
Tolima , Armero Guayabal,73055.0,MUJER,TOTAL,-,-,-,-,-,-,-,-
Tolima , Armero Guayabal,73055.0,Indeterminado,Menores de Edad (<18 años),-,-,-,-,-,-,-,-
Tolima , Armero Guayabal,73055.0,Indeterminado,Mayores de Edad (>18 años),-,-,-,-,-,-,-,-
Tolima , Armero Guayabal,73055.0,INDETERMINADO,TOTAL,-,-,-,-,-,-,-,-
Tolima , Armero Guayabal,73055.0,TOTAL,,-,-,-,2,-,-,-,2
Tolima , Ataco,73067.0,Hombre,Menores de Edad (<18 años),-,-,-,-,-,-,-,-
Tolima , Ataco,73067.0,Hombre,Mayores de Edad (>18 años),-,-,2,2,-,-,-,4
Tolima , Ataco,73067.0,HOMBRE,TOTAL,-,-,2,2,-,-,-,4
Tolima , Ataco,73067.0,Mujer,Menores de Edad (<18 años),-,-,-,-,-,-,-,-
Tolima , Ataco,73067.0,Mujer,Mayores de Edad (>18 años),-,-,-,-,-,-,-,-
Tolima , Ataco,73067.0,MUJER,TOTAL,-,-,-,-,-,-,-,-
Tolima , Ataco,73067.0,Indeterminado,Menores de Edad (<18 años),-,-,-,-,-,-,-,-
Tolima , Ataco,73067.0,Indeterminado,Mayores de Edad (>18 años),-,-,-,-,-,-,-,-
Tolima , Ataco,73067.0,INDETERMINADO,TOTAL,-,-,-,-,-,-,-,-
Tolima , Ataco,73067.0,TOTAL,,-,-,2,2,-,-,-,4
Tolima , Cajamarca,73124.0,Hombre,Menores de Edad (<18 años),-,-,-,-,-,-,-,-
Tolima , Cajamarca,73124.0,Hombre,Mayores de Edad (>18 años),-,-,-,1,-,-,-,1
Tolima , Cajamarca,73124.0,HOMBRE,TOTAL,-,-,-,1,-,-,-,1
Tolima , Cajamarca,73124.0,Mujer,Menores de Edad (<18 años),-,-,-,-,-,-,-,-
Tolima , Cajamarca,73124.0,Mujer,Mayores de Edad (>18 años),-,-,-,-,-,-,-,-
Tolima , Cajamarca,73124.0,MUJER,TOTAL,-,-,-,-,-,-,-,-
Tolima , Cajamarca,73124.0,Indeterminado,Menores de Edad (<18 años),-,-,-,-,-,-,-,-
Tolima , Cajamarca,73124.0,Indeterminado,Mayores de Edad (>18 años),-,-,-,-,-,-,-,-
Tolima , Cajamarca,73124.0,INDETERMINADO,TOTAL,-,-,-,-,-,-,-,-
Tolima , Cajamarca,73124.0,TOTAL,,-,-,-,1,-,-,-,1
Tolima , Carmen de Apicalá,73148.0,Hombre,Menores de Edad (<18 años),-,-,-,-,-,-,-,-
Tolima , Carmen de Apicalá,73148.0,Hombre,Mayores de Edad (>18 años),-,-,-,2,-,-,-,2
Tolima , Carmen de Apicalá,73148.0,HOMBRE,TOTAL,-,-,-,2,-,-,-,2
Tolima , Carmen de Apicalá,73148.0,Mujer,Menores de Edad (<18 años),-,-,-,-,-,-,-,-
Tolima , Carmen de Apicalá,73148.0,Mujer,Mayores de Edad (>18 años),-,-,-,-,-,-,-,-
Tolima , Carmen de Apicalá,73148.0,MUJER,TOTAL,-,-,-,-,-,-,-,-
Tolima , Carmen de Apicalá,73148.0,Indeterminado,Menores de Edad (<18 años),-,-,-,-,-,-,-,-
Tolima , Carmen de Apicalá,73148.0,Indeterminado,Mayores de Edad (>18 años),-,-,-,-,-,-,-,-
Tolima , Carmen de Apicalá,73148.0,INDETERMINADO,TOTAL,-,-,-,-,-,-,-,-
Tolima , Carmen de Apicalá,73148.0,TOTAL,,-,-,-,2,-,-,-,2
Tolima , Casabianca,73152.0,Hombre,Menores de Edad (<18 años),-,-,-,-,-,-,-,-
Tolima , Casabianca,73152.0,Hombre,Mayores de Edad (>18 años),-,-,-,1,-,-,-,1
Tolima , Casabianca,73152.0,HOMBRE,TOTAL,-,-,-,1,-,-,-,1
Tolima , Casabianca,73152.0,Mujer,Menores de Edad (<18 años),-,-,-,-,-,-,-,-
Tolima , Casabianca,73152.0,Mujer,Mayores de Edad (>18 años),-,-,-,1,-,-,-,1
Tolima , Casabianca,73152.0,MUJER,TOTAL,-,-,-,1,-,-,-,1
Tolima , Casabianca,73152.0,Indeterminado,Menores de Edad (<18 años),-,-,-,-,-,-,-,-
Tolima , Casabianca,73152.0,Indeterminado,Mayores de Edad (>18 años),-,-,-,-,-,-,-,-
Tolima , Casabianca,73152.0,INDETERMINADO,TOTAL,-,-,-,-,-,-,-,-
Tolima , Casabianca,73152.0,TOTAL,,-,-,-,2,-,-,-,2
Tolima , Chaparral,73168.0,Hombre,Menores de Edad (<18 años),-,-,-,-,-,-,-,-
Tolima , Chaparral,73168.0,Hombre,Mayores de Edad (>18 años),-,-,-,4,-,-,-,4
Tolima , Chaparral,73168.0,HOMBRE,TOTAL,-,-,-,4,-,-,-,4
Tolima , Chaparral,73168.0,Mujer,Menores de Edad (<18 años),-,-,-,-,-,-,-,-
Tolima , Chaparral,73168.0,Mujer,Mayores de Edad (>18 años),-,-,-,3,-,-,-,3
Tolima , Chaparral,73168.0,MUJER,TOTAL,-,-,-,3,-,-,-,3
Tolima , Chaparral,73168.0,Indeterminado,Menores de Edad (<18 años),-,-,-,-,-,-,-,-
Tolima , Chaparral,73168.0,Indeterminado,Mayores de Edad (>18 años),-,-,-,-,-,-,-,-
Tolima , Chaparral,73168.0,INDETERMINADO,TOTAL,-,-,-,-,-,-,-,-
Tolima , Chaparral,73168.0,TOTAL,,-,-,-,7,-,-,-,7
Tolima , Coello,73200.0,Hombre,Menores de Edad (<18 años),-,-,-,-,-,-,-,-
Tolima , Coello,73200.0,Hombre,Mayores de Edad (>18 años),-,-,-,2,-,-,-,2
Tolima , Coello,73200.0,HOMBRE,TOTAL,-,-,-,2,-,-,-,2
Tolima , Coello,73200.0,Mujer,Menores de Edad (<18 años),-,-,-,-,-,-,-,-
Tolima , Coello,73200.0,Mujer,Mayores de Edad (>18 años),-,-,-,-,-,-,-,-
Tolima , Coello,73200.0,MUJER,TOTAL,-,-,-,-,-,-,-,-
Tolima , Coello,73200.0,Indeterminado,Menores de Edad (<18 años),-,-,-,-,-,-,-,-
Tolima , Coello,73200.0,Indeterminado,Mayores de Edad (>18 años),-,-,-,-,-,-,-,-
Tolima , Coello,73200.0,INDETERMINADO,TOTAL,-,-,-,-,-,-,-,-
Tolima , Coello,73200.0,TOTAL,,-,-,-,2,-,-,-,2
Tolima , Coyaima,73217.0,Hombre,Menores de Edad (<18 años),-,-,-,-,-,-,-,-
Tolima , Coyaima,73217.0,Hombre,Mayores de Edad (>18 años),-,-,1,-,-,-,-,1
Tolima , Coyaima,73217.0,HOMBRE,TOTAL,-,-,1,-,-,-,-,1
Tolima , Coyaima,73217.0,Mujer,Menores de Edad (<18 años),-,-,-,-,-,-,-,-
Tolima , Coyaima,73217.0,Mujer,Mayores de Edad (>18 años),-,-,-,-,-,-,-,-
Tolima , Coyaima,73217.0,MUJER,TOTAL,-,-,-,-,-,-,-,-
Tolima , Coyaima,73217.0,Indeterminado,Menores de Edad (<18 años),-,-,-,-,-,-,-,-
Tolima , Coyaima,73217.0,Indeterminado,Mayores de Edad (>18 años),-,-,-,-,-,-,-,-
Tolima , Coyaima,73217.0,INDETERMINADO,TOTAL,-,-,-,-,-,-,-,-
Tolima , Coyaima,73217.0,TOTAL,,-,-,1,-,-,-,-,1
Tolima , Cunday,73226.0,Hombre,Menores de Edad (<18 años),-,-,-,-,-,-,-,-
Tolima , Cunday,73226.0,Hombre,Mayores de Edad (>18 años),-,-,-,2,-,-,-,2
Tolima , Cunday,73226.0,HOMBRE,TOTAL,-,-,-,2,-,-,-,2
Tolima , Cunday,73226.0,Mujer,Menores de Edad (<18 años),-,-,-,-,-,-,-,-
Tolima , Cunday,73226.0,Mujer,Mayores de Edad (>18 años),-,-,-,1,-,-,-,1
Tolima , Cunday,73226.0,MUJER,TOTAL,-,-,-,1,-,-,-,1
Tolima , Cunday,73226.0,Indeterminado,Menores de Edad (<18 años),-,-,-,-,-,-,-,-
Tolima , Cunday,73226.0,Indeterminado,Mayores de Edad (>18 años),-,-,-,-,-,-,-,-
Tolima , Cunday,73226.0,INDETERMINADO,TOTAL,-,-,-,-,-,-,-,-
Tolima , Cunday,73226.0,TOTAL,,-,-,-,3,-,-,-,3
Tolima , Espinal,73268.0,Hombre,Menores de Edad (<18 años),-,-,-,-,-,-,-,-
Tolima , Espinal,73268.0,Hombre,Mayores de Edad (>18 años),-,-,-,11,-,-,-,11
Tolima , Espinal,73268.0,HOMBRE,TOTAL,-,-,-,11,-,-,-,11
Tolima , Espinal,73268.0,Mujer,Menores de Edad (<18 años),-,-,-,-,-,-,-,-
Tolima , Espinal,73268.0,Mujer,Mayores de Edad (>18 años),-,-,-,-,-,-,-,-
Tolima , Espinal,73268.0,MUJER,TOTAL,-,-,-,-,-,-,-,-
Tolima , Espinal,73268.0,Indeterminado,Menores de Edad (<18 años),-,-,-,-,-,-,-,-
Tolima , Espinal,73268.0,Indeterminado,Mayores de Edad (>18 años),-,-,-,-,-,-,-,-
Tolima , Espinal,73268.0,INDETERMINADO,TOTAL,-,-,-,-,-,-,-,-
Tolima , Espinal,73268.0,TOTAL,,-,-,-,11,-,-,-,11
Tolima , Falan,73270.0,Hombre,Menores de Edad (<18 años),-,-,-,-,-,-,-,-
Tolima , Falan,73270.0,Hombre,Mayores de Edad (>18 años),-,-,-,1,-,-,1,2
Tolima , Falan,73270.0,HOMBRE,TOTAL,-,-,-,1,-,-,1,2
Tolima , Falan,73270.0,Mujer,Menores de Edad (<18 años),-,-,-,-,-,-,-,-
Tolima , Falan,73270.0,Mujer,Mayores de Edad (>18 años),-,-,-,-,-,-,-,-
Tolima , Falan,73270.0,MUJER,TOTAL,-,-,-,-,-,-,-,-
Tolima , Falan,73270.0,Indeterminado,Menores de Edad (<18 años),-,-,-,-,-,-,-,-
Tolima , Falan,73270.0,Indeterminado,Mayores de Edad (>18 años),-,-,-,-,-,-,-,-
Tolima , Falan,73270.0,INDETERMINADO,TOTAL,-,-,-,-,-,-,-,-
Tolima , Falan,73270.0,TOTAL,,-,-,-,1,-,-,1,2
Tolima , Flandes,73275.0,Hombre,Menores de Edad (<18 años),-,-,-,1,-,-,-,1
Tolima , Flandes,73275.0,Hombre,Mayores de Edad (>18 años),-,-,-,3,-,-,1,4
Tolima , Flandes,73275.0,HOMBRE,TOTAL,-,-,-,4,-,-,1,5
Tolima , Flandes,73275.0,Mujer,Menores de Edad (<18 años),-,-,-,-,-,-,-,-
Tolima , Flandes,73275.0,Mujer,Mayores de Edad (>18 años),-,-,-,1,-,-,-,1
Tolima , Flandes,73275.0,MUJER,TOTAL,-,-,-,1,-,-,-,1
Tolima , Flandes,73275.0,Indeterminado,Menores de Edad (<18 años),-,-,-,-,-,-,-,-
Tolima , Flandes,73275.0,Indeterminado,Mayores de Edad (>18 años),-,-,-,-,-,-,-,-
Tolima , Flandes,73275.0,INDETERMINADO,TOTAL,-,-,-,-,-,-,-,-
Tolima , Flandes,73275.0,TOTAL,,-,-,-,5,-,-,1,6
Tolima , Fresno,73283.0,Hombre,Menores de Edad (<18 años),-,-,-,-,-,-,-,-
Tolima , Fresno,73283.0,Hombre,Mayores de Edad (>18 años),-,-,-,8,-,-,-,8
Tolima , Fresno,73283.0,HOMBRE,TOTAL,-,-,-,8,-,-,-,8
Tolima , Fresno,73283.0,Mujer,Menores de Edad (<18 años),-,-,-,-,-,-,-,-
Tolima , Fresno,73283.0,Mujer,Mayores de Edad (>18 años),-,-,-,-,-,-,-,-
Tolima , Fresno,73283.0,MUJER,TOTAL,-,-,-,-,-,-,-,-
Tolima , Fresno,73283.0,Indeterminado,Menores de Edad (<18 años),-,-,-,-,-,-,-,-
Tolima , Fresno,73283.0,Indeterminado,Mayores de Edad (>18 años),-,-,-,-,-,-,-,-
Tolima , Fresno,73283.0,INDETERMINADO,TOTAL,-,-,-,-,-,-,-,-
Tolima , Fresno,73283.0,TOTAL,,-,-,-,8,-,-,-,8
Tolima , Guamo,73319.0,Hombre,Menores de Edad (<18 años),-,-,-,-,-,-,-,-
Tolima , Guamo,73319.0,Hombre,Mayores de Edad (>18 años),-,-,-,3,-,-,-,3
Tolima , Guamo,73319.0,HOMBRE,TOTAL,-,-,-,3,-,-,-,3
Tolima , Guamo,73319.0,Mujer,Menores de Edad (<18 años),-,-,-,-,-,-,-,-
Tolima , Guamo,73319.0,Mujer,Mayores de Edad (>18 años),-,-,-,1,-,-,-,1
Tolima , Guamo,73319.0,MUJER,TOTAL,-,-,-,1,-,-,-,1
Tolima , Guamo,73319.0,Indeterminado,Menores de Edad (<18 años),-,-,-,-,-,-,-,-
Tolima , Guamo,73319.0,Indeterminado,Mayores de Edad (>18 años),-,-,-,-,-,-,-,-
Tolima , Guamo,73319.0,INDETERMINADO,TOTAL,-,-,-,-,-,-,-,-
Tolima , Guamo,73319.0,TOTAL,,-,-,-,4,-,-,-,4
Tolima , Herveo,73347.0,Hombre,Menores de Edad (<18 años),-,-,-,-,-,-,-,-
Tolima , Herveo,73347.0,Hombre,Mayores de Edad (>18 años),-,-,-,2,-,-,-,2
Tolima , Herveo,73347.0,HOMBRE,TOTAL,-,-,-,2,-,-,-,2
Tolima , Herveo,73347.0,Mujer,Menores de Edad (<18 años),-,-,-,-,-,-,-,-
Tolima , Herveo,73347.0,Mujer,Mayores de Edad (>18 años),-,-,-,-,-,-,-,-
Tolima , Herveo,73347.0,MUJER,TOTAL,-,-,-,-,-,-,-,-
Tolima , Herveo,73347.0,Indeterminado,Menores de Edad (<18 años),-,-,-,-,-,-,-,-
Tolima , Herveo,73347.0,Indeterminado,Mayores de Edad (>18 años),-,-,-,-,-,-,-,-
Tolima , Herveo,73347.0,INDETERMINADO,TOTAL,-,-,-,-,-,-,-,-
Tolima , Herveo,73347.0,TOTAL,,-,-,-,2,-,-,-,2
Tolima , Honda,73349.0,Hombre,Menores de Edad (<18 años),-,-,-,-,-,-,-,-
Tolima , Honda,73349.0,Hombre,Mayores de Edad (>18 años),-,-,-,4,-,-,1,5
Tolima , Honda,73349.0,HOMBRE,TOTAL,-,-,-,4,-,-,1,5
Tolima , Honda,73349.0,Mujer,Menores de Edad (<18 años),-,-,-,-,-,-,-,-
Tolima , Honda,73349.0,Mujer,Mayores de Edad (>18 años),-,-,-,-,-,-,-,-
Tolima , Honda,73349.0,MUJER,TOTAL,-,-,-,-,-,-,-,-
Tolima , Honda,73349.0,Indeterminado,Menores de Edad (<18 años),-,-,-,-,-,-,-,-
Tolima , Honda,73349.0,Indeterminado,Mayores de Edad (>18 años),-,-,-,-,-,-,-,-
Tolima , Honda,73349.0,INDETERMINADO,TOTAL,-,-,-,-,-,-,-,-
Tolima , Honda,73349.0,TOTAL,,-,-,-,4,-,-,1,5
Tolima , Ibagué,73001.0,Hombre,Menores de Edad (<18 años),-,-,-,3,-,-,3,6
Tolima , Ibagué,73001.0,Hombre,Mayores de Edad (>18 años),-,2,-,44,-,-,7,53
Tolima , Ibagué,73001.0,HOMBRE,TOTAL,-,2,-,47,-,-,10,59
Tolima , Ibagué,73001.0,Mujer,Menores de Edad (<18 años),-,-,-,1,-,-,-,1
Tolima , Ibagué,73001.0,Mujer,Mayores de Edad (>18 años),-,-,-,3,-,-,-,3
Tolima , Ibagué,73001.0,MUJER,TOTAL,-,-,-,4,-,-,-,4
Tolima , Ibagué,73001.0,Indeterminado,Menores de Edad (<18 años),-,-,-,-,-,-,-,-
Tolima , Ibagué,73001.0,Indeterminado,Mayores de Edad (>18 años),-,-,-,-,-,-,-,-
Tolima , Ibagué,73001.0,INDETERMINADO,TOTAL,-,-,-,-,-,-,-,-
Tolima , Ibagué,73001.0,TOTAL,,-,2,-,51,-,-,10,63
Tolima , Icononzo,73352.0,Hombre,Menores de Edad (<18 años),-,-,-,-,-,-,-,-
Tolima , Icononzo,73352.0,Hombre,Mayores de Edad (>18 años),-,-,-,1,-,-,-,1
Tolima , Icononzo,73352.0,HOMBRE,TOTAL,-,-,-,1,-,-,-,1
Tolima , Icononzo,73352.0,Mujer,Menores de Edad (<18 años),-,-,-,-,-,-,-,-
Tolima , Icononzo,73352.0,Mujer,Mayores de Edad (>18 años),-,-,-,-,-,-,-,-
Tolima , Icononzo,73352.0,MUJER,TOTAL,-,-,-,-,-,-,-,-
Tolima , Icononzo,73352.0,Indeterminado,Menores de Edad (<18 años),-,-,-,-,-,-,-,-
Tolima , Icononzo,73352.0,Indeterminado,Mayores de Edad (>18 años),-,-,-,-,-,-,-,-
Tolima , Icononzo,73352.0,INDETERMINADO,TOTAL,-,-,-,-,-,-,-,-
Tolima , Icononzo,73352.0,TOTAL,,-,-,-,1,-,-,-,1
Tolima , Lérida,73408.0,Hombre,Menores de Edad (<18 años),-,-,-,-,-,-,-,-
Tolima , Lérida,73408.0,Hombre,Mayores de Edad (>18 años),-,-,-,1,-,-,-,1
Tolima , Lérida,73408.0,HOMBRE,TOTAL,-,-,-,1,-,-,-,1
Tolima , Lérida,73408.0,Mujer,Menores de Edad (<18 años),-,-,-,-,-,-,-,-
Tolima , Lérida,73408.0,Mujer,Mayores de Edad (>18 años),-,-,-,-,-,-,-,-
Tolima , Lérida,73408.0,MUJER,TOTAL,-,-,-,-,-,-,-,-
Tolima , Lérida,73408.0,Indeterminado,Menores de Edad (<18 años),-,-,-,-,-,-,-,-
Tolima , Lérida,73408.0,Indeterminado,Mayores de Edad (>18 años),-,-,-,-,-,-,-,-
Tolima , Lérida,73408.0,INDETERMINADO,TOTAL,-,-,-,-,-,-,-,-
Tolima , Lérida,73408.0,TOTAL,,-,-,-,1,-,-,-,1
Tolima , Líbano,73411.0,Hombre,Menores de Edad (<18 años),-,-,-,-,-,-,-,-
Tolima , Líbano,73411.0,Hombre,Mayores de Edad (>18 años),-,1,-,2,-,-,1,4
Tolima , Líbano,73411.0,HOMBRE,TOTAL,-,1,-,2,-,-,1,4
Tolima , Líbano,73411.0,Mujer,Menores de Edad (<18 años),-,-,-,-,-,-,-,-
Tolima , Líbano,73411.0,Mujer,Mayores de Edad (>18 años),-,-,-,1,-,-,-,1
Tolima , Líbano,73411.0,MUJER,TOTAL,-,-,-,1,-,-,-,1
Tolima , Líbano,73411.0,Indeterminado,Menores de Edad (<18 años),-,-,-,-,-,-,-,-
Tolima , Líbano,73411.0,Indeterminado,Mayores de Edad (>18 años),-,-,-,-,-,-,-,-
Tolima , Líbano,73411.0,INDETERMINADO,TOTAL,-,-,-,-,-,-,-,-
Tolima , Líbano,73411.0,TOTAL,,-,1,-,3,-,-,1,5
Tolima , Melgar,73449.0,Hombre,Menores de Edad (<18 años),-,-,-,-,-,-,-,-
Tolima , Melgar,73449.0,Hombre,Mayores de Edad (>18 años),-,-,-,-,-,-,1,1
Tolima , Melgar,73449.0,HOMBRE,TOTAL,-,-,-,-,-,-,1,1
Tolima , Melgar,73449.0,Mujer,Menores de Edad (<18 años),-,-,-,-,-,-,-,-
Tolima , Melgar,73449.0,Mujer,Mayores de Edad (>18 años),-,-,-,1,-,-,-,1
Tolima , Melgar,73449.0,MUJER,TOTAL,-,-,-,1,-,-,-,1
Tolima , Melgar,73449.0,Indeterminado,Menores de Edad (<18 años),-,-,-,-,-,-,-,-
Tolima , Melgar,73449.0,Indeterminado,Mayores de Edad (>18 años),-,-,-,-,-,-,-,-
Tolima , Melgar,73449.0,INDETERMINADO,TOTAL,-,-,-,-,-,-,-,-
Tolima , Melgar,73449.0,TOTAL,,-,-,-,1,-,-,1,2
Tolima , Murillo,73461.0,Hombre,Menores de Edad (<18 años),-,-,-,-,-,-,-,-
Tolima , Murillo,73461.0,Hombre,Mayores de Edad (>18 años),-,1,-,-,-,-,-,1
Tolima , Murillo,73461.0,HOMBRE,TOTAL,-,1,-,-,-,-,-,1
Tolima , Murillo,73461.0,Mujer,Menores de Edad (<18 años),-,-,-,-,-,-,-,-
Tolima , Murillo,73461.0,Mujer,Mayores de Edad (>18 años),-,-,-,-,-,-,-,-
Tolima , Murillo,73461.0,MUJER,TOTAL,-,-,-,-,-,-,-,-
Tolima , Murillo,73461.0,Indeterminado,Menores de Edad (<18 años),-,-,-,-,-,-,-,-
Tolima , Murillo,73461.0,Indeterminado,Mayores de Edad (>18 años),-,-,-,-,-,-,-,-
Tolima , Murillo,73461.0,INDETERMINADO,TOTAL,-,-,-,-,-,-,-,-
Tolima , Murillo,73461.0,TOTAL,,-,1,-,-,-,-,-,1
Tolima , Natagaima,73483.0,Hombre,Menores de Edad (<18 años),-,-,-,-,-,-,-,-
Tolima , Natagaima,73483.0,Hombre,Mayores de Edad (>18 años),-,-,-,2,-,-,1,3
Tolima , Natagaima,73483.0,HOMBRE,TOTAL,-,-,-,2,-,-,1,3
Tolima , Natagaima,73483.0,Mujer,Menores de Edad (<18 años),-,-,-,-,-,-,-,-
Tolima , Natagaima,73483.0,Mujer,Mayores de Edad (>18 años),-,-,-,-,-,-,-,-
Tolima , Natagaima,73483.0,MUJER,TOTAL,-,-,-,-,-,-,-,-
Tolima , Natagaima,73483.0,Indeterminado,Menores de Edad (<18 años),-,-,-,-,-,-,-,-
Tolima , Natagaima,73483.0,Indeterminado,Mayores de Edad (>18 años),-,-,-,-,-,-,-,-
Tolima , Natagaima,73483.0,INDETERMINADO,TOTAL,-,-,-,-,-,-,-,-
Tolima , Natagaima,73483.0,TOTAL,,-,-,-,2,-,-,1,3
Tolima , Ortega,73504.0,Hombre,Menores de Edad (<18 años),-,-,-,1,-,-,-,1
Tolima , Ortega,73504.0,Hombre,Mayores de Edad (>18 años),-,-,-,1,-,-,-,1
Tolima , Ortega,73504.0,HOMBRE,TOTAL,-,-,-,2,-,-,-,2
Tolima , Ortega,73504.0,Mujer,Menores de Edad (<18 años),-,-,-,-,-,-,-,-
Tolima , Ortega,73504.0,Mujer,Mayores de Edad (>18 años),-,-,-,-,-,-,-,-
Tolima , Ortega,73504.0,MUJER,TOTAL,-,-,-,-,-,-,-,-
Tolima , Ortega,73504.0,Indeterminado,Menores de Edad (<18 años),-,-,-,-,-,-,-,-
Tolima , Ortega,73504.0,Indeterminado,Mayores de Edad (>18 años),-,-,-,-,-,-,-,-
Tolima , Ortega,73504.0,INDETERMINADO,TOTAL,-,-,-,-,-,-,-,-
Tolima , Ortega,73504.0,TOTAL,,-,-,-,2,-,-,-,2
Tolima , Palocabildo,73520.0,Hombre,Menores de Edad (<18 años),-,-,-,-,-,-,-,-
Tolima , Palocabildo,73520.0,Hombre,Mayores de Edad (>18 años),-,-,-,1,-,-,1,2
Tolima , Palocabildo,73520.0,HOMBRE,TOTAL,-,-,-,1,-,-,1,2
Tolima , Palocabildo,73520.0,Mujer,Menores de Edad (<18 años),-,-,-,-,-,-,-,-
Tolima , Palocabildo,73520.0,Mujer,Mayores de Edad (>18 años),-,-,-,-,-,-,-,-
Tolima , Palocabildo,73520.0,MUJER,TOTAL,-,-,-,-,-,-,-,-
Tolima , Palocabildo,73520.0,Indeterminado,Menores de Edad (<18 años),-,-,-,-,-,-,-,-
Tolima , Palocabildo,73520.0,Indeterminado,Mayores de Edad (>18 años),-,-,-,-,-,-,-,-
Tolima , Palocabildo,73520.0,INDETERMINADO,TOTAL,-,-,-,-,-,-,-,-
Tolima , Palocabildo,73520.0,TOTAL,,-,-,-,1,-,-,1,2
Tolima , Planadas,73555.0,Hombre,Menores de Edad (<18 años),-,-,-,-,-,-,-,-
Tolima , Planadas,73555.0,Hombre,Mayores de Edad (>18 años),-,-,-,8,-,-,-,8
Tolima , Planadas,73555.0,HOMBRE,TOTAL,-,-,-,8,-,-,-,8
Tolima , Planadas,73555.0,Mujer,Menores de Edad (<18 años),-,-,-,-,-,-,-,-
Tolima , Planadas,73555.0,Mujer,Mayores de Edad (>18 años),-,-,-,1,-,-,-,1
Tolima , Planadas,73555.0,MUJER,TOTAL,-,-,-,1,-,-,-,1
Tolima , Planadas,73555.0,Indeterminado,Menores de Edad (<18 años),-,-,-,-,-,-,-,-
Tolima , Planadas,73555.0,Indeterminado,Mayores de Edad (>18 años),-,-,-,-,-,-,-,-
Tolima , Planadas,73555.0,INDETERMINADO,TOTAL,-,-,-,-,-,-,-,-
Tolima , Planadas,73555.0,TOTAL,,-,-,-,9,-,-,-,9
Tolima , Prado,73563.0,Hombre,Menores de Edad (<18 años),-,-,-,-,-,-,-,-
Tolima , Prado,73563.0,Hombre,Mayores de Edad (>18 años),-,-,-,1,-,-,-,1
Tolima , Prado,73563.0,HOMBRE,TOTAL,-,-,-,1,-,-,-,1
Tolima , Prado,73563.0,Mujer,Menores de Edad (<18 años),-,-,-,-,-,-,-,-
Tolima , Prado,73563.0,Mujer,Mayores de Edad (>18 años),-,-,-,-,-,-,-,-
Tolima , Prado,73563.0,MUJER,TOTAL,-,-,-,-,-,-,-,-
Tolima , Prado,73563.0,Indeterminado,Menores de Edad (<18 años),-,-,-,-,-,-,-,-
Tolima , Prado,73563.0,Indeterminado,Mayores de Edad (>18 años),-,-,-,-,-,-,-,-
Tolima , Prado,73563.0,INDETERMINADO,TOTAL,-,-,-,-,-,-,-,-
Tolima , Prado,73563.0,TOTAL,,-,-,-,1,-,-,-,1
Tolima , Purificación,73585.0,Hombre,Menores de Edad (<18 años),-,-,-,1,-,-,-,1
Tolima , Purificación,73585.0,Hombre,Mayores de Edad (>18 años),-,-,-,1,-,-,1,2
Tolima , Purificación,73585.0,HOMBRE,TOTAL,-,-,-,2,-,-,1,3
Tolima , Purificación,73585.0,Mujer,Menores de Edad (<18 años),-,-,-,-,-,-,-,-
Tolima , Purificación,73585.0,Mujer,Mayores de Edad (>18 años),-,-,-,-,-,-,-,-
Tolima , Purificación,73585.0,MUJER,TOTAL,-,-,-,-,-,-,-,-
Tolima , Purificación,73585.0,Indeterminado,Menores de Edad (<18 años),-,-,-,-,-,-,-,-
Tolima , Purificación,73585.0,Indeterminado,Mayores de Edad (>18 años),-,-,-,-,-,-,-,-
Tolima , Purificación,73585.0,INDETERMINADO,TOTAL,-,-,-,-,-,-,-,-
Tolima , Purificación,73585.0,TOTAL,,-,-,-,2,-,-,1,3
Tolima , Rioblanco,73616.0,Hombre,Menores de Edad (<18 años),-,-,-,-,-,-,-,-
Tolima , Rioblanco,73616.0,Hombre,Mayores de Edad (>18 años),-,-,-,3,-,-,1,4
Tolima , Rioblanco,73616.0,HOMBRE,TOTAL,-,-,-,3,-,-,1,4
Tolima , Rioblanco,73616.0,Mujer,Menores de Edad (<18 años),-,-,-,-,-,-,-,-
Tolima , Rioblanco,73616.0,Mujer,Mayores de Edad (>18 años),-,-,-,-,-,-,-,-
Tolima , Rioblanco,73616.0,MUJER,TOTAL,-,-,-,-,-,-,-,-
Tolima , Rioblanco,73616.0,Indeterminado,Menores de Edad (<18 años),-,-,-,-,-,-,-,-
Tolima , Rioblanco,73616.0,Indeterminado,Mayores de Edad (>18 años),-,-,-,-,-,-,-,-
Tolima , Rioblanco,73616.0,INDETERMINADO,TOTAL,-,-,-,-,-,-,-,-
Tolima , Rioblanco,73616.0,TOTAL,,-,-,-,3,-,-,1,4
Tolima , Roncesvalles,73622.0,Hombre,Menores de Edad (<18 años),-,-,-,-,-,-,-,-
Tolima , Roncesvalles,73622.0,Hombre,Mayores de Edad (>18 años),-,-,-,1,-,-,-,1
Tolima , Roncesvalles,73622.0,HOMBRE,TOTAL,-,-,-,1,-,-,-,1
Tolima , Roncesvalles,73622.0,Mujer,Menores de Edad (<18 años),-,-,-,-,-,-,-,-
Tolima , Roncesvalles,73622.0,Mujer,Mayores de Edad (>18 años),-,-,-,-,-,-,-,-
Tolima , Roncesvalles,73622.0,MUJER,TOTAL,-,-,-,-,-,-,-,-
Tolima , Roncesvalles,73622.0,Indeterminado,Menores de Edad (<18 años),-,-,-,-,-,-,-,-
Tolima , Roncesvalles,73622.0,Indeterminado,Mayores de Edad (>18 años),-,-,-,-,-,-,-,-
Tolima , Roncesvalles,73622.0,INDETERMINADO,TOTAL,-,-,-,-,-,-,-,-
Tolima , Roncesvalles,73622.0,TOTAL,,-,-,-,1,-,-,-,1
Tolima , Rovira,73624.0,Hombre,Menores de Edad (<18 años),-,-,-,1,-,-,-,1
Tolima , Rovira,73624.0,Hombre,Mayores de Edad (>18 años),-,1,-,7,-,-,-,8
Tolima , Rovira,73624.0,HOMBRE,TOTAL,-,1,-,8,-,-,-,9
Tolima , Rovira,73624.0,Mujer,Menores de Edad (<18 años),-,-,-,-,-,-,-,-
Tolima , Rovira,73624.0,Mujer,Mayores de Edad (>18 años),-,-,-,-,-,-,-,-
Tolima , Rovira,73624.0,MUJER,TOTAL,-,-,-,-,-,-,-,-
Tolima , Rovira,73624.0,Indeterminado,Menores de Edad (<18 años),-,-,-,-,-,-,-,-
Tolima , Rovira,73624.0,Indeterminado,Mayores de Edad (>18 años),-,-,-,-,-,-,-,-
Tolima , Rovira,73624.0,INDETERMINADO,TOTAL,-,-,-,-,-,-,-,-
Tolima , Rovira,73624.0,TOTAL,,-,1,-,8,-,-,-,9
Tolima , Saldaña,73671.0,Hombre,Menores de Edad (<18 años),-,-,-,-,-,-,-,-
Tolima , Saldaña,73671.0,Hombre,Mayores de Edad (>18 años),-,-,-,3,-,-,-,3
Tolima , Saldaña,73671.0,HOMBRE,TOTAL,-,-,-,3,-,-,-,3
Tolima , Saldaña,73671.0,Mujer,Menores de Edad (<18 años),-,-,-,-,-,-,-,-
Tolima , Saldaña,73671.0,Mujer,Mayores de Edad (>18 años),-,-,-,-,-,-,-,-
Tolima , Saldaña,73671.0,MUJER,TOTAL,-,-,-,-,-,-,-,-
Tolima , Saldaña,73671.0,Indeterminado,Menores de Edad (<18 años),-,-,-,-,-,-,-,-
Tolima , Saldaña,73671.0,Indeterminado,Mayores de Edad (>18 años),-,-,-,-,-,-,-,-
Tolima , Saldaña,73671.0,INDETERMINADO,TOTAL,-,-,-,-,-,-,-,-
Tolima , Saldaña,73671.0,TOTAL,,-,-,-,3,-,-,-,3
Tolima , San Antonio,73675.0,Hombre,Menores de Edad (<18 años),-,-,-,-,-,-,-,-
Tolima , San Antonio,73675.0,Hombre,Mayores de Edad (>18 años),-,-,-,1,-,-,1,2
Tolima , San Antonio,73675.0,HOMBRE,TOTAL,-,-,-,1,-,-,1,2
Tolima , San Antonio,73675.0,Mujer,Menores de Edad (<18 años),-,-,-,-,-,-,-,-
Tolima , San Antonio,73675.0,Mujer,Mayores de Edad (>18 años),-,-,-,-,-,-,-,-
Tolima , San Antonio,73675.0,MUJER,TOTAL,-,-,-,-,-,-,-,-
Tolima , San Antonio,73675.0,Indeterminado,Menores de Edad (<18 años),-,-,-,-,-,-,-,-
Tolima , San Antonio,73675.0,Indeterminado,Mayores de Edad (>18 años),-,-,-,-,-,-,-,-
Tolima , San Antonio,73675.0,INDETERMINADO,TOTAL,-,-,-,-,-,-,-,-
Tolima , San Antonio,73675.0,TOTAL,,-,-,-,1,-,-,1,2
Tolima , San Luis,73678.0,Hombre,Menores de Edad (<18 años),-,-,-,-,-,-,-,-
Tolima , San Luis,73678.0,Hombre,Mayores de Edad (>18 años),-,-,-,5,-,-,-,5
Tolima , San Luis,73678.0,HOMBRE,TOTAL,-,-,-,5,-,-,-,5
Tolima , San Luis,73678.0,Mujer,Menores de Edad (<18 años),-,-,-,-,-,-,-,-
Tolima , San Luis,73678.0,Mujer,Mayores de Edad (>18 años),-,-,-,-,-,-,-,-
Tolima , San Luis,73678.0,MUJER,TOTAL,-,-,-,-,-,-,-,-
Tolima , San Luis,73678.0,Indeterminado,Menores de Edad (<18 años),-,-,-,-,-,-,-,-
Tolima , San Luis,73678.0,Indeterminado,Mayores de Edad (>18 años),-,-,-,-,-,-,-,-
Tolima , San Luis,73678.0,INDETERMINADO,TOTAL,-,-,-,-,-,-,-,-
Tolima , San Luis,73678.0,TOTAL,,-,-,-,5,-,-,-,5
Tolima , San Sebastián de Mariquita,73443.0,Hombre,Menores de Edad (<18 años),-,-,-,1,-,-,-,1
Tolima , San Sebastián de Mariquita,73443.0,Hombre,Mayores de Edad (>18 años),-,-,-,17,-,-,-,17
Tolima , San Sebastián de Mariquita,73443.0,HOMBRE,TOTAL,-,-,-,18,-,-,-,18
Tolima , San Sebastián de Mariquita,73443.0,Mujer,Menores de Edad (<18 años),-,-,-,-,-,-,-,-
Tolima , San Sebastián de Mariquita,73443.0,Mujer,Mayores de Edad (>18 años),-,-,-,1,-,-,-,1
Tolima , San Sebastián de Mariquita,73443.0,MUJER,TOTAL,-,-,-,1,-,-,-,1
Tolima , San Sebastián de Mariquita,73443.0,Indeterminado,Menores de Edad (<18 años),-,-,-,-,-,-,-,-
Tolima , San Sebastián de Mariquita,73443.0,Indeterminado,Mayores de Edad (>18 años),-,-,-,-,-,-,-,-
Tolima , San Sebastián de Mariquita,73443.0,INDETERMINADO,TOTAL,-,-,-,-,-,-,-,-
Tolima , San Sebastián de Mariquita,73443.0,TOTAL,,-,-,-,19,-,-,-,19
Tolima , Santa Isabel,73686.0,Hombre,Menores de Edad (<18 años),-,-,-,-,-,-,-,-
Tolima , Santa Isabel,73686.0,Hombre,Mayores de Edad (>18 años),-,-,-,3,-,-,-,3
Tolima , Santa Isabel,73686.0,HOMBRE,TOTAL,-,-,-,3,-,-,-,3
Tolima , Santa Isabel,73686.0,Mujer,Menores de Edad (<18 años),-,-,-,-,-,-,-,-
Tolima , Santa Isabel,73686.0,Mujer,Mayores de Edad (>18 años),-,-,-,-,-,-,-,-
Tolima , Santa Isabel,73686.0,MUJER,TOTAL,-,-,-,-,-,-,-,-
Tolima , Santa Isabel,73686.0,Indeterminado,Menores de Edad (<18 años),-,-,-,-,-,-,-,-
Tolima , Santa Isabel,73686.0,Indeterminado,Mayores de Edad (>18 años),-,-,-,-,-,-,-,-
Tolima , Santa Isabel,73686.0,INDETERMINADO,TOTAL,-,-,-,-,-,-,-,-
Tolima , Santa Isabel,73686.0,TOTAL,,-,-,-,3,-,-,-,3
Tolima , Valle de San Juan,73854.0,Hombre,Menores de Edad (<18 años),-,-,-,-,-,-,-,-
Tolima , Valle de San Juan,73854.0,Hombre,Mayores de Edad (>18 años),-,-,-,2,-,-,-,2
Tolima , Valle de San Juan,73854.0,HOMBRE,TOTAL,-,-,-,2,-,-,-,2
Tolima , Valle de San Juan,73854.0,Mujer,Menores de Edad (<18 años),-,-,-,-,-,-,-,-
Tolima , Valle de San Juan,73854.0,Mujer,Mayores de Edad (>18 años),-,-,-,-,-,-,-,-
Tolima , Valle de San Juan,73854.0,MUJER,TOTAL,-,-,-,-,-,-,-,-
Tolima , Valle de San Juan,73854.0,Indeterminado,Menores de Edad (<18 años),-,-,-,-,-,-,-,-
Tolima , Valle de San Juan,73854.0,Indeterminado,Mayores de Edad (>18 años),-,-,-,-,-,-,-,-
Tolima , Valle de San Juan,73854.0,INDETERMINADO,TOTAL,-,-,-,-,-,-,-,-
Tolima , Valle de San Juan,73854.0,TOTAL,,-,-,-,2,-,-,-,2
Tolima , Venadillo,73861.0,Hombre,Menores de Edad (<18 años),-,-,-,-,-,-,-,-
Tolima , Venadillo,73861.0,Hombre,Mayores de Edad (>18 años),-,-,-,1,-,-,-,1
Tolima , Venadillo,73861.0,HOMBRE,TOTAL,-,-,-,1,-,-,-,1
Tolima , Venadillo,73861.0,Mujer,Menores de Edad (<18 años),-,-,-,-,-,-,-,-
Tolima , Venadillo,73861.0,Mujer,Mayores de Edad (>18 años),-,-,-,-,-,-,-,-
Tolima , Venadillo,73861.0,MUJER,TOTAL,-,-,-,-,-,-,-,-
Tolima , Venadillo,73861.0,Indeterminado,Menores de Edad (<18 años),-,-,-,-,-,-,-,-
Tolima , Venadillo,73861.0,Indeterminado,Mayores de Edad (>18 años),-,-,-,-,-,-,-,-
Tolima , Venadillo,73861.0,INDETERMINADO,TOTAL,-,-,-,-,-,-,-,-
Tolima , Venadillo,73861.0,TOTAL,,-,-,-,1,-,-,-,1
Valle del Cauca , Alcalá,76020.0,Hombre,Menores de Edad (<18 años),-,-,-,-,-,-,-,-
Valle del Cauca , Alcalá,76020.0,Hombre,Mayores de Edad (>18 años),-,-,-,12,-,-,-,12
Valle del Cauca , Alcalá,76020.0,HOMBRE,TOTAL,-,-,-,12,-,-,-,12
Valle del Cauca , Alcalá,76020.0,Mujer,Menores de Edad (<18 años),-,-,-,-,-,-,-,-
Valle del Cauca , Alcalá,76020.0,Mujer,Mayores de Edad (>18 años),-,-,-,1,-,-,-,1
Valle del Cauca , Alcalá,76020.0,MUJER,TOTAL,-,-,-,1,-,-,-,1
Valle del Cauca , Alcalá,76020.0,Indeterminado,Menores de Edad (<18 años),-,-,-,-,-,-,-,-
Valle del Cauca , Alcalá,76020.0,Indeterminado,Mayores de Edad (>18 años),-,-,-,-,-,-,-,-
Valle del Cauca , Alcalá,76020.0,INDETERMINADO,TOTAL,-,-,-,-,-,-,-,-
Valle del Cauca , Alcalá,76020.0,TOTAL,,-,-,-,13,-,-,-,13
Valle del Cauca , Andalucía,76036.0,Hombre,Menores de Edad (<18 años),-,-,-,-,-,-,-,-
Valle del Cauca , Andalucía,76036.0,Hombre,Mayores de Edad (>18 años),-,-,-,10,1,1,-,12
Valle del Cauca , Andalucía,76036.0,HOMBRE,TOTAL,-,-,-,10,1,1,-,12
Valle del Cauca , Andalucía,76036.0,Mujer,Menores de Edad (<18 años),-,-,-,-,-,-,-,-
Valle del Cauca , Andalucía,76036.0,Mujer,Mayores de Edad (>18 años),-,-,-,1,-,-,-,1
Valle del Cauca , Andalucía,76036.0,MUJER,TOTAL,-,-,-,1,-,-,-,1
Valle del Cauca , Andalucía,76036.0,Indeterminado,Menores de Edad (<18 años),-,-,-,-,-,-,-,-
Valle del Cauca , Andalucía,76036.0,Indeterminado,Mayores de Edad (>18 años),-,-,-,-,-,-,-,-
Valle del Cauca , Andalucía,76036.0,INDETERMINADO,TOTAL,-,-,-,-,-,-,-,-
Valle del Cauca , Andalucía,76036.0,TOTAL,,-,-,-,11,1,1,-,13
Valle del Cauca , Ansermanuevo,76041.0,Hombre,Menores de Edad (<18 años),-,-,1,-,-,-,-,1
Valle del Cauca , Ansermanuevo,76041.0,Hombre,Mayores de Edad (>18 años),-,1,-,10,-,-,-,11
Valle del Cauca , Ansermanuevo,76041.0,HOMBRE,TOTAL,-,1,1,10,-,-,-,12
Valle del Cauca , Ansermanuevo,76041.0,Mujer,Menores de Edad (<18 años),-,-,-,-,-,-,-,-
Valle del Cauca , Ansermanuevo,76041.0,Mujer,Mayores de Edad (>18 años),-,-,-,-,-,-,-,-
Valle del Cauca , Ansermanuevo,76041.0,MUJER,TOTAL,-,-,-,-,-,-,-,-
Valle del Cauca , Ansermanuevo,76041.0,Indeterminado,Menores de Edad (<18 años),-,-,-,-,-,-,-,-
Valle del Cauca , Ansermanuevo,76041.0,Indeterminado,Mayores de Edad (>18 años),-,-,-,-,-,-,-,-
Valle del Cauca , Ansermanuevo,76041.0,INDETERMINADO,TOTAL,-,-,-,-,-,-,-,-
Valle del Cauca , Ansermanuevo,76041.0,TOTAL,,-,1,1,10,-,-,-,12
Valle del Cauca , Argelia,76054.0,Hombre,Menores de Edad (<18 años),-,-,-,-,-,-,-,-
Valle del Cauca , Argelia,76054.0,Hombre,Mayores de Edad (>18 años),-,-,1,1,-,-,-,2
Valle del Cauca , Argelia,76054.0,HOMBRE,TOTAL,-,-,1,1,-,-,-,2
Valle del Cauca , Argelia,76054.0,Mujer,Menores de Edad (<18 años),-,-,-,-,-,-,-,-
Valle del Cauca , Argelia,76054.0,Mujer,Mayores de Edad (>18 años),-,-,-,-,-,-,-,-
Valle del Cauca , Argelia,76054.0,MUJER,TOTAL,-,-,-,-,-,-,-,-
Valle del Cauca , Argelia,76054.0,Indeterminado,Menores de Edad (<18 años),-,-,-,-,-,-,-,-
Valle del Cauca , Argelia,76054.0,Indeterminado,Mayores de Edad (>18 años),-,-,-,-,-,-,-,-
Valle del Cauca , Argelia,76054.0,INDETERMINADO,TOTAL,-,-,-,-,-,-,-,-
Valle del Cauca , Argelia,76054.0,TOTAL,,-,-,1,1,-,-,-,2
Valle del Cauca , Bolívar,76100.0,Hombre,Menores de Edad (<18 años),-,-,-,-,-,-,-,-
Valle del Cauca , Bolívar,76100.0,Hombre,Mayores de Edad (>18 años),-,-,2,5,-,1,-,8
Valle del Cauca , Bolívar,76100.0,HOMBRE,TOTAL,-,-,2,5,-,1,-,8
Valle del Cauca , Bolívar,76100.0,Mujer,Menores de Edad (<18 años),-,-,-,-,-,-,-,-
Valle del Cauca , Bolívar,76100.0,Mujer,Mayores de Edad (>18 años),-,-,-,1,-,-,-,1
Valle del Cauca , Bolívar,76100.0,MUJER,TOTAL,-,-,-,1,-,-,-,1
Valle del Cauca , Bolívar,76100.0,Indeterminado,Menores de Edad (<18 años),-,-,-,-,-,-,-,-
Valle del Cauca , Bolívar,76100.0,Indeterminado,Mayores de Edad (>18 años),-,-,-,-,-,-,-,-
Valle del Cauca , Bolívar,76100.0,INDETERMINADO,TOTAL,-,-,-,-,-,-,-,-
Valle del Cauca , Bolívar,76100.0,TOTAL,,-,-,2,6,-,1,-,9
Valle del Cauca , Buenaventura,76109.0,Hombre,Menores de Edad (<18 años),-,-,-,-,-,4,-,4
Valle del Cauca , Buenaventura,76109.0,Hombre,Mayores de Edad (>18 años),-,3,-,7,3,49,9,71
Valle del Cauca , Buenaventura,76109.0,HOMBRE,TOTAL,-,3,-,7,3,53,9,75
Valle del Cauca , Buenaventura,76109.0,Mujer,Menores de Edad (<18 años),-,-,-,-,-,-,-,-
Valle del Cauca , Buenaventura,76109.0,Mujer,Mayores de Edad (>18 años),-,-,-,-,-,6,-,6
Valle del Cauca , Buenaventura,76109.0,MUJER,TOTAL,-,-,-,-,-,6,-,6
Valle del Cauca , Buenaventura,76109.0,Indeterminado,Menores de Edad (<18 años),-,-,-,-,-,-,-,-
Valle del Cauca , Buenaventura,76109.0,Indeterminado,Mayores de Edad (>18 años),-,-,-,-,-,-,-,-
Valle del Cauca , Buenaventura,76109.0,INDETERMINADO,TOTAL,-,-,-,-,-,-,-,-
Valle del Cauca , Buenaventura,76109.0,TOTAL,,-,3,-,7,3,59,9,81
Valle del Cauca , Bugalagrande,76113.0,Hombre,Menores de Edad (<18 años),-,-,-,-,-,-,-,-
Valle del Cauca , Bugalagrande,76113.0,Hombre,Mayores de Edad (>18 años),-,-,-,9,-,-,1,10
Valle del Cauca , Bugalagrande,76113.0,HOMBRE,TOTAL,-,-,-,9,-,-,1,10
Valle del Cauca , Bugalagrande,76113.0,Mujer,Menores de Edad (<18 años),-,-,-,-,-,-,-,-
Valle del Cauca , Bugalagrande,76113.0,Mujer,Mayores de Edad (>18 años),-,-,-,-,-,-,-,-
Valle del Cauca , Bugalagrande,76113.0,MUJER,TOTAL,-,-,-,-,-,-,-,-
Valle del Cauca , Bugalagrande,76113.0,Indeterminado,Menores de Edad (<18 años),-,-,-,-,-,-,-,-
Valle del Cauca , Bugalagrande,76113.0,Indeterminado,Mayores de Edad (>18 años),-,-,-,-,-,-,-,-
Valle del Cauca , Bugalagrande,76113.0,INDETERMINADO,TOTAL,-,-,-,-,-,-,-,-
Valle del Cauca , Bugalagrande,76113.0,TOTAL,,-,-,-,9,-,-,1,10
Valle del Cauca , Caicedonia,76122.0,Hombre,Menores de Edad (<18 años),-,-,-,1,-,-,-,1
Valle del Cauca , Caicedonia,76122.0,Hombre,Mayores de Edad (>18 años),-,-,-,15,-,1,-,16
Valle del Cauca , Caicedonia,76122.0,HOMBRE,TOTAL,-,-,-,16,-,1,-,17
Valle del Cauca , Caicedonia,76122.0,Mujer,Menores de Edad (<18 años),-,-,-,-,-,-,-,-
Valle del Cauca , Caicedonia,76122.0,Mujer,Mayores de Edad (>18 años),-,-,-,-,-,-,-,-
Valle del Cauca , Caicedonia,76122.0,MUJER,TOTAL,-,-,-,-,-,-,-,-
Valle del Cauca , Caicedonia,76122.0,Indeterminado,Menores de Edad (<18 años),-,-,-,-,-,-,-,-
Valle del Cauca , Caicedonia,76122.0,Indeterminado,Mayores de Edad (>18 años),-,-,-,-,-,-,-,-
Valle del Cauca , Caicedonia,76122.0,INDETERMINADO,TOTAL,-,-,-,-,-,-,-,-
Valle del Cauca , Caicedonia,76122.0,TOTAL,,-,-,-,16,-,1,-,17
Valle del Cauca , Cali,76001.0,Hombre,Menores de Edad (<18 años),-,-,-,34,2,20,-,56
Valle del Cauca , Cali,76001.0,Hombre,Mayores de Edad (>18 años),-,22,-,552,20,188,12,794
Valle del Cauca , Cali,76001.0,HOMBRE,TOTAL,-,22,-,586,22,208,12,850
Valle del Cauca , Cali,76001.0,Mujer,Menores de Edad (<18 años),-,-,-,1,1,-,-,2
Valle del Cauca , Cali,76001.0,Mujer,Mayores de Edad (>18 años),-,3,-,47,3,19,-,72
Valle del Cauca , Cali,76001.0,MUJER,TOTAL,-,3,-,48,4,19,-,74
Valle del Cauca , Cali,76001.0,Indeterminado,Menores de Edad (<18 años),-,-,-,-,-,-,-,-
Valle del Cauca , Cali,76001.0,Indeterminado,Mayores de Edad (>18 años),-,-,-,-,-,-,-,-
Valle del Cauca , Cali,76001.0,INDETERMINADO,TOTAL,-,-,-,-,-,-,-,-
Valle del Cauca , Cali,76001.0,TOTAL,,-,25,-,634,26,227,12,924
Valle del Cauca , Calima,76126.0,Hombre,Menores de Edad (<18 años),-,-,-,-,-,-,-,-
Valle del Cauca , Calima,76126.0,Hombre,Mayores de Edad (>18 años),-,1,-,5,-,-,-,6
Valle del Cauca , Calima,76126.0,HOMBRE,TOTAL,-,1,-,5,-,-,-,6
Valle del Cauca , Calima,76126.0,Mujer,Menores de Edad (<18 años),-,-,-,-,-,-,-,-
Valle del Cauca , Calima,76126.0,Mujer,Mayores de Edad (>18 años),-,-,-,-,-,-,-,-
Valle del Cauca , Calima,76126.0,MUJER,TOTAL,-,-,-,-,-,-,-,-
Valle del Cauca , Calima,76126.0,Indeterminado,Menores de Edad (<18 años),-,-,-,-,-,-,-,-
Valle del Cauca , Calima,76126.0,Indeterminado,Mayores de Edad (>18 años),-,-,-,-,-,-,-,-
Valle del Cauca , Calima,76126.0,INDETERMINADO,TOTAL,-,-,-,-,-,-,-,-
Valle del Cauca , Calima,76126.0,TOTAL,,-,1,-,5,-,-,-,6
Valle del Cauca , Candelaria,76130.0,Hombre,Menores de Edad (<18 años),-,-,-,4,-,3,1,8
Valle del Cauca , Candelaria,76130.0,Hombre,Mayores de Edad (>18 años),-,-,-,35,2,13,6,56
Valle del Cauca , Candelaria,76130.0,HOMBRE,TOTAL,-,-,-,39,2,16,7,64
Valle del Cauca , Candelaria,76130.0,Mujer,Menores de Edad (<18 años),-,-,-,-,-,-,1,1
Valle del Cauca , Candelaria,76130.0,Mujer,Mayores de Edad (>18 años),-,-,-,-,-,2,-,2
Valle del Cauca , Candelaria,76130.0,MUJER,TOTAL,-,-,-,-,-,2,1,3
Valle del Cauca , Candelaria,76130.0,Indeterminado,Menores de Edad (<18 años),-,-,-,-,-,-,-,-
Valle del Cauca , Candelaria,76130.0,Indeterminado,Mayores de Edad (>18 años),-,-,-,-,-,-,-,-
Valle del Cauca , Candelaria,76130.0,INDETERMINADO,TOTAL,-,-,-,-,-,-,-,-
Valle del Cauca , Candelaria,76130.0,TOTAL,,-,-,-,39,2,18,8,67
Valle del Cauca , Cartago,76147.0,Hombre,Menores de Edad (<18 años),-,-,-,1,-,-,-,1
Valle del Cauca , Cartago,76147.0,Hombre,Mayores de Edad (>18 años),-,-,-,35,1,-,-,36
Valle del Cauca , Cartago,76147.0,HOMBRE,TOTAL,-,-,-,36,1,-,-,37
Valle del Cauca , Cartago,76147.0,Mujer,Menores de Edad (<18 años),-,-,-,-,-,-,-,-
Valle del Cauca , Cartago,76147.0,Mujer,Mayores de Edad (>18 años),-,-,-,3,-,-,-,3
Valle del Cauca , Cartago,76147.0,MUJER,TOTAL,-,-,-,3,-,-,-,3
Valle del Cauca , Cartago,76147.0,Indeterminado,Menores de Edad (<18 años),-,-,-,-,-,-,-,-
Valle del Cauca , Cartago,76147.0,Indeterminado,Mayores de Edad (>18 años),-,-,-,-,-,-,-,-
Valle del Cauca , Cartago,76147.0,INDETERMINADO,TOTAL,-,-,-,-,-,-,-,-
Valle del Cauca , Cartago,76147.0,TOTAL,,-,-,-,39,1,-,-,40
Valle del Cauca , Dagua,76233.0,Hombre,Menores de Edad (<18 años),-,-,-,-,-,-,-,-
Valle del Cauca , Dagua,76233.0,Hombre,Mayores de Edad (>18 años),-,1,-,11,-,-,-,12
Valle del Cauca , Dagua,76233.0,HOMBRE,TOTAL,-,1,-,11,-,-,-,12
Valle del Cauca , Dagua,76233.0,Mujer,Menores de Edad (<18 años),-,-,-,-,-,-,-,-
Valle del Cauca , Dagua,76233.0,Mujer,Mayores de Edad (>18 años),-,-,-,1,-,-,-,1
Valle del Cauca , Dagua,76233.0,MUJER,TOTAL,-,-,-,1,-,-,-,1
Valle del Cauca , Dagua,76233.0,Indeterminado,Menores de Edad (<18 años),-,-,-,-,-,-,-,-
Valle del Cauca , Dagua,76233.0,Indeterminado,Mayores de Edad (>18 años),-,-,-,-,-,-,-,-
Valle del Cauca , Dagua,76233.0,INDETERMINADO,TOTAL,-,-,-,-,-,-,-,-
Valle del Cauca , Dagua,76233.0,TOTAL,,-,1,-,12,-,-,-,13
Valle del Cauca , El Águila,76243.0,Hombre,Menores de Edad (<18 años),-,-,-,-,-,-,-,-
Valle del Cauca , El Águila,76243.0,Hombre,Mayores de Edad (>18 años),-,-,-,8,-,-,-,8
Valle del Cauca , El Águila,76243.0,HOMBRE,TOTAL,-,-,-,8,-,-,-,8
Valle del Cauca , El Águila,76243.0,Mujer,Menores de Edad (<18 años),-,-,-,-,-,-,-,-
Valle del Cauca , El Águila,76243.0,Mujer,Mayores de Edad (>18 años),-,-,-,-,-,-,-,-
Valle del Cauca , El Águila,76243.0,MUJER,TOTAL,-,-,-,-,-,-,-,-
Valle del Cauca , El Águila,76243.0,Indeterminado,Menores de Edad (<18 años),-,-,-,-,-,-,-,-
Valle del Cauca , El Águila,76243.0,Indeterminado,Mayores de Edad (>18 años),-,-,-,-,-,-,-,-
Valle del Cauca , El Águila,76243.0,INDETERMINADO,TOTAL,-,-,-,-,-,-,-,-
Valle del Cauca , El Águila,76243.0,TOTAL,,-,-,-,8,-,-,-,8
Valle del Cauca , El Cairo,76246.0,Hombre,Menores de Edad (<18 años),-,-,-,-,-,-,-,-
Valle del Cauca , El Cairo,76246.0,Hombre,Mayores de Edad (>18 años),-,-,-,10,-,-,-,10
Valle del Cauca , El Cairo,76246.0,HOMBRE,TOTAL,-,-,-,10,-,-,-,10
Valle del Cauca , El Cairo,76246.0,Mujer,Menores de Edad (<18 años),-,-,-,-,-,-,-,-
Valle del Cauca , El Cairo,76246.0,Mujer,Mayores de Edad (>18 años),-,-,-,-,-,-,-,-
Valle del Cauca , El Cairo,76246.0,MUJER,TOTAL,-,-,-,-,-,-,-,-
Valle del Cauca , El Cairo,76246.0,Indeterminado,Menores de Edad (<18 años),-,-,-,-,-,-,-,-
Valle del Cauca , El Cairo,76246.0,Indeterminado,Mayores de Edad (>18 años),-,-,-,-,-,-,-,-
Valle del Cauca , El Cairo,76246.0,INDETERMINADO,TOTAL,-,-,-,-,-,-,-,-
Valle del Cauca , El Cairo,76246.0,TOTAL,,-,-,-,10,-,-,-,10
Valle del Cauca , El Cerrito,76248.0,Hombre,Menores de Edad (<18 años),-,-,-,1,-,1,-,2
Valle del Cauca , El Cerrito,76248.0,Hombre,Mayores de Edad (>18 años),-,-,-,21,-,1,1,23
Valle del Cauca , El Cerrito,76248.0,HOMBRE,TOTAL,-,-,-,22,-,2,1,25
Valle del Cauca , El Cerrito,76248.0,Mujer,Menores de Edad (<18 años),-,-,-,-,-,-,-,-
Valle del Cauca , El Cerrito,76248.0,Mujer,Mayores de Edad (>18 años),-,-,-,1,-,-,-,1
Valle del Cauca , El Cerrito,76248.0,MUJER,TOTAL,-,-,-,1,-,-,-,1
Valle del Cauca , El Cerrito,76248.0,Indeterminado,Menores de Edad (<18 años),-,-,-,-,-,-,-,-
Valle del Cauca , El Cerrito,76248.0,Indeterminado,Mayores de Edad (>18 años),-,-,-,-,-,-,-,-
Valle del Cauca , El Cerrito,76248.0,INDETERMINADO,TOTAL,-,-,-,-,-,-,-,-
Valle del Cauca , El Cerrito,76248.0,TOTAL,,-,-,-,23,-,2,1,26
Valle del Cauca , El Dovio,76250.0,Hombre,Menores de Edad (<18 años),-,-,-,-,-,-,-,-
Valle del Cauca , El Dovio,76250.0,Hombre,Mayores de Edad (>18 años),-,-,-,12,-,-,-,12
Valle del Cauca , El Dovio,76250.0,HOMBRE,TOTAL,-,-,-,12,-,-,-,12
Valle del Cauca , El Dovio,76250.0,Mujer,Menores de Edad (<18 años),-,-,-,-,-,-,-,-
Valle del Cauca , El Dovio,76250.0,Mujer,Mayores de Edad (>18 años),-,-,-,1,-,-,-,1
Valle del Cauca , El Dovio,76250.0,MUJER,TOTAL,-,-,-,1,-,-,-,1
Valle del Cauca , El Dovio,76250.0,Indeterminado,Menores de Edad (<18 años),-,-,-,-,-,-,-,-
Valle del Cauca , El Dovio,76250.0,Indeterminado,Mayores de Edad (>18 años),-,-,-,-,-,-,-,-
Valle del Cauca , El Dovio,76250.0,INDETERMINADO,TOTAL,-,-,-,-,-,-,-,-
Valle del Cauca , El Dovio,76250.0,TOTAL,,-,-,-,13,-,-,-,13
Valle del Cauca , Florida,76275.0,Hombre,Menores de Edad (<18 años),-,-,-,1,-,-,-,1
Valle del Cauca , Florida,76275.0,Hombre,Mayores de Edad (>18 años),-,-,-,16,1,5,2,24
Valle del Cauca , Florida,76275.0,HOMBRE,TOTAL,-,-,-,17,1,5,2,25
Valle del Cauca , Florida,76275.0,Mujer,Menores de Edad (<18 años),-,-,-,-,-,-,-,-
Valle del Cauca , Florida,76275.0,Mujer,Mayores de Edad (>18 años),-,-,-,4,-,-,-,4
Valle del Cauca , Florida,76275.0,MUJER,TOTAL,-,-,-,4,-,-,-,4
Valle del Cauca , Florida,76275.0,Indeterminado,Menores de Edad (<18 años),-,-,-,-,-,-,-,-
Valle del Cauca , Florida,76275.0,Indeterminado,Mayores de Edad (>18 años),-,-,-,-,-,-,-,-
Valle del Cauca , Florida,76275.0,INDETERMINADO,TOTAL,-,-,-,-,-,-,-,-
Valle del Cauca , Florida,76275.0,TOTAL,,-,-,-,21,1,5,2,29
Valle del Cauca , Ginebra,76306.0,Hombre,Menores de Edad (<18 años),-,-,-,-,-,-,-,-
Valle del Cauca , Ginebra,76306.0,Hombre,Mayores de Edad (>18 años),-,-,-,-,-,-,-,-
Valle del Cauca , Ginebra,76306.0,HOMBRE,TOTAL,-,-,-,-,-,-,-,-
Valle del Cauca , Ginebra,76306.0,Mujer,Menores de Edad (<18 años),-,-,-,-,-,-,-,-
Valle del Cauca , Ginebra,76306.0,Mujer,Mayores de Edad (>18 años),-,-,-,1,-,-,-,1
Valle del Cauca , Ginebra,76306.0,MUJER,TOTAL,-,-,-,1,-,-,-,1
Valle del Cauca , Ginebra,76306.0,Indeterminado,Menores de Edad (<18 años),-,-,-,-,-,-,-,-
Valle del Cauca , Ginebra,76306.0,Indeterminado,Mayores de Edad (>18 años),-,-,-,-,-,-,-,-
Valle del Cauca , Ginebra,76306.0,INDETERMINADO,TOTAL,-,-,-,-,-,-,-,-
Valle del Cauca , Ginebra,76306.0,TOTAL,,-,-,-,1,-,-,-,1
Valle del Cauca , Guacarí,76318.0,Hombre,Menores de Edad (<18 años),-,-,-,1,-,-,-,1
Valle del Cauca , Guacarí,76318.0,Hombre,Mayores de Edad (>18 años),-,-,-,15,2,1,-,18
Valle del Cauca , Guacarí,76318.0,HOMBRE,TOTAL,-,-,-,16,2,1,-,19
Valle del Cauca , Guacarí,76318.0,Mujer,Menores de Edad (<18 años),-,-,-,-,-,-,-,-
Valle del Cauca , Guacarí,76318.0,Mujer,Mayores de Edad (>18 años),-,-,-,1,-,-,-,1
Valle del Cauca , Guacarí,76318.0,MUJER,TOTAL,-,-,-,1,-,-,-,1
Valle del Cauca , Guacarí,76318.0,Indeterminado,Menores de Edad (<18 años),-,-,-,-,-,-,-,-
Valle del Cauca , Guacarí,76318.0,Indeterminado,Mayores de Edad (>18 años),-,-,-,-,-,-,-,-
Valle del Cauca , Guacarí,76318.0,INDETERMINADO,TOTAL,-,-,-,-,-,-,-,-
Valle del Cauca , Guacarí,76318.0,TOTAL,,-,-,-,17,2,1,-,20
Valle del Cauca , Guadalajara de Buga,76111.0,Hombre,Menores de Edad (<18 años),-,-,-,3,-,-,-,3
Valle del Cauca , Guadalajara de Buga,76111.0,Hombre,Mayores de Edad (>18 años),-,-,-,57,-,-,-,57
Valle del Cauca , Guadalajara de Buga,76111.0,HOMBRE,TOTAL,-,-,-,60,-,-,-,60
Valle del Cauca , Guadalajara de Buga,76111.0,Mujer,Menores de Edad (<18 años),-,-,-,-,-,-,-,-
Valle del Cauca , Guadalajara de Buga,76111.0,Mujer,Mayores de Edad (>18 años),-,-,-,1,-,-,-,1
Valle del Cauca , Guadalajara de Buga,76111.0,MUJER,TOTAL,-,-,-,1,-,-,-,1
Valle del Cauca , Guadalajara de Buga,76111.0,Indeterminado,Menores de Edad (<18 años),-,-,-,-,-,-,-,-
Valle del Cauca , Guadalajara de Buga,76111.0,Indeterminado,Mayores de Edad (>18 años),-,-,-,-,-,-,-,-
Valle del Cauca , Guadalajara de Buga,76111.0,INDETERMINADO,TOTAL,-,-,-,-,-,-,-,-
Valle del Cauca , Guadalajara de Buga,76111.0,TOTAL,,-,-,-,61,-,-,-,61
Valle del Cauca , Jamundí,76364.0,Hombre,Menores de Edad (<18 años),-,-,-,1,1,-,-,2
Valle del Cauca , Jamundí,76364.0,Hombre,Mayores de Edad (>18 años),-,3,-,65,4,11,1,84
Valle del Cauca , Jamundí,76364.0,HOMBRE,TOTAL,-,3,-,66,5,11,1,86
Valle del Cauca , Jamundí,76364.0,Mujer,Menores de Edad (<18 años),-,-,-,-,-,-,-,-
Valle del Cauca , Jamundí,76364.0,Mujer,Mayores de Edad (>18 años),-,-,-,3,-,-,-,3
Valle del Cauca , Jamundí,76364.0,MUJER,TOTAL,-,-,-,3,-,-,-,3
Valle del Cauca , Jamundí,76364.0,Indeterminado,Menores de Edad (<18 años),-,-,-,-,-,-,-,-
Valle del Cauca , Jamundí,76364.0,Indeterminado,Mayores de Edad (>18 años),-,-,-,-,-,-,-,-
Valle del Cauca , Jamundí,76364.0,INDETERMINADO,TOTAL,-,-,-,-,-,-,-,-
Valle del Cauca , Jamundí,76364.0,TOTAL,,-,3,-,69,5,11,1,89
Valle del Cauca , La Cumbre,76377.0,Hombre,Menores de Edad (<18 años),-,-,-,-,-,-,-,-
Valle del Cauca , La Cumbre,76377.0,Hombre,Mayores de Edad (>18 años),-,-,-,-,-,1,-,1
Valle del Cauca , La Cumbre,76377.0,HOMBRE,TOTAL,-,-,-,-,-,1,-,1
Valle del Cauca , La Cumbre,76377.0,Mujer,Menores de Edad (<18 años),-,-,-,-,-,-,-,-
Valle del Cauca , La Cumbre,76377.0,Mujer,Mayores de Edad (>18 años),-,-,-,-,-,-,-,-
Valle del Cauca , La Cumbre,76377.0,MUJER,TOTAL,-,-,-,-,-,-,-,-
Valle del Cauca , La Cumbre,76377.0,Indeterminado,Menores de Edad (<18 años),-,-,-,-,-,-,-,-
Valle del Cauca , La Cumbre,76377.0,Indeterminado,Mayores de Edad (>18 años),-,-,-,-,-,-,-,-
Valle del Cauca , La Cumbre,76377.0,INDETERMINADO,TOTAL,-,-,-,-,-,-,-,-
Valle del Cauca , La Cumbre,76377.0,TOTAL,,-,-,-,-,-,1,-,1
Valle del Cauca , La Unión,76400.0,Hombre,Menores de Edad (<18 años),-,1,-,3,-,-,-,4
Valle del Cauca , La Unión,76400.0,Hombre,Mayores de Edad (>18 años),-,1,-,31,-,-,-,32
Valle del Cauca , La Unión,76400.0,HOMBRE,TOTAL,-,2,-,34,-,-,-,36
Valle del Cauca , La Unión,76400.0,Mujer,Menores de Edad (<18 años),-,-,-,-,-,-,-,-
Valle del Cauca , La Unión,76400.0,Mujer,Mayores de Edad (>18 años),-,-,-,2,-,-,-,2
Valle del Cauca , La Unión,76400.0,MUJER,TOTAL,-,-,-,2,-,-,-,2
Valle del Cauca , La Unión,76400.0,Indeterminado,Menores de Edad (<18 años),-,-,-,-,-,-,-,-
Valle del Cauca , La Unión,76400.0,Indeterminado,Mayores de Edad (>18 años),-,-,-,-,-,-,-,-
Valle del Cauca , La Unión,76400.0,INDETERMINADO,TOTAL,-,-,-,-,-,-,-,-
Valle del Cauca , La Unión,76400.0,TOTAL,,-,2,-,36,-,-,-,38
Valle del Cauca , La Victoria,76403.0,Hombre,Menores de Edad (<18 años),-,-,-,-,-,-,-,-
Valle del Cauca , La Victoria,76403.0,Hombre,Mayores de Edad (>18 años),-,-,-,3,-,-,-,3
Valle del Cauca , La Victoria,76403.0,HOMBRE,TOTAL,-,-,-,3,-,-,-,3
Valle del Cauca , La Victoria,76403.0,Mujer,Menores de Edad (<18 años),-,-,-,-,-,-,-,-
Valle del Cauca , La Victoria,76403.0,Mujer,Mayores de Edad (>18 años),-,-,-,-,-,-,-,-
Valle del Cauca , La Victoria,76403.0,MUJER,TOTAL,-,-,-,-,-,-,-,-
Valle del Cauca , La Victoria,76403.0,Indeterminado,Menores de Edad (<18 años),-,-,-,-,-,-,-,-
Valle del Cauca , La Victoria,76403.0,Indeterminado,Mayores de Edad (>18 años),-,-,-,-,-,-,-,-
Valle del Cauca , La Victoria,76403.0,INDETERMINADO,TOTAL,-,-,-,-,-,-,-,-
Valle del Cauca , La Victoria,76403.0,TOTAL,,-,-,-,3,-,-,-,3
Valle del Cauca , Obando,76497.0,Hombre,Menores de Edad (<18 años),-,-,-,1,-,-,-,1
Valle del Cauca , Obando,76497.0,Hombre,Mayores de Edad (>18 años),-,-,-,4,-,-,-,4
Valle del Cauca , Obando,76497.0,HOMBRE,TOTAL,-,-,-,5,-,-,-,5
Valle del Cauca , Obando,76497.0,Mujer,Menores de Edad (<18 años),-,-,-,-,-,-,-,-
Valle del Cauca , Obando,76497.0,Mujer,Mayores de Edad (>18 años),-,-,-,1,-,-,-,1
Valle del Cauca , Obando,76497.0,MUJER,TOTAL,-,-,-,1,-,-,-,1
Valle del Cauca , Obando,76497.0,Indeterminado,Menores de Edad (<18 años),-,-,-,-,-,-,-,-
Valle del Cauca , Obando,76497.0,Indeterminado,Mayores de Edad (>18 años),-,-,-,-,-,-,-,-
Valle del Cauca , Obando,76497.0,INDETERMINADO,TOTAL,-,-,-,-,-,-,-,-
Valle del Cauca , Obando,76497.0,TOTAL,,-,-,-,6,-,-,-,6
Valle del Cauca , Palmira,76520.0,Hombre,Menores de Edad (<18 años),-,-,-,1,-,-,1,2
Valle del Cauca , Palmira,76520.0,Hombre,Mayores de Edad (>18 años),-,2,-,71,-,16,3,92
Valle del Cauca , Palmira,76520.0,HOMBRE,TOTAL,-,2,-,72,-,16,4,94
Valle del Cauca , Palmira,76520.0,Mujer,Menores de Edad (<18 años),-,-,-,-,-,-,-,-
Valle del Cauca , Palmira,76520.0,Mujer,Mayores de Edad (>18 años),-,-,-,7,-,1,-,8
Valle del Cauca , Palmira,76520.0,MUJER,TOTAL,-,-,-,7,-,1,-,8
Valle del Cauca , Palmira,76520.0,Indeterminado,Menores de Edad (<18 años),-,-,-,-,-,-,-,-
Valle del Cauca , Palmira,76520.0,Indeterminado,Mayores de Edad (>18 años),-,-,-,-,-,-,-,-
Valle del Cauca , Palmira,76520.0,INDETERMINADO,TOTAL,-,-,-,-,-,-,-,-
Valle del Cauca , Palmira,76520.0,TOTAL,,-,2,-,79,-,17,4,102
Valle del Cauca , Pradera,76563.0,Hombre,Menores de Edad (<18 años),-,-,-,-,-,2,-,2
Valle del Cauca , Pradera,76563.0,Hombre,Mayores de Edad (>18 años),-,-,-,15,-,8,1,24
Valle del Cauca , Pradera,76563.0,HOMBRE,TOTAL,-,-,-,15,-,10,1,26
Valle del Cauca , Pradera,76563.0,Mujer,Menores de Edad (<18 años),-,-,-,-,-,-,-,-
Valle del Cauca , Pradera,76563.0,Mujer,Mayores de Edad (>18 años),-,-,-,1,-,-,2,3
Valle del Cauca , Pradera,76563.0,MUJER,TOTAL,-,-,-,1,-,-,2,3
Valle del Cauca , Pradera,76563.0,Indeterminado,Menores de Edad (<18 años),-,-,-,-,-,-,-,-
Valle del Cauca , Pradera,76563.0,Indeterminado,Mayores de Edad (>18 años),-,-,-,-,-,-,-,-
Valle del Cauca , Pradera,76563.0,INDETERMINADO,TOTAL,-,-,-,-,-,-,-,-
Valle del Cauca , Pradera,76563.0,TOTAL,,-,-,-,16,-,10,3,29
Valle del Cauca , Restrepo,76606.0,Hombre,Menores de Edad (<18 años),-,-,-,-,-,-,-,-
Valle del Cauca , Restrepo,76606.0,Hombre,Mayores de Edad (>18 años),-,-,-,5,-,-,-,5
Valle del Cauca , Restrepo,76606.0,HOMBRE,TOTAL,-,-,-,5,-,-,-,5
Valle del Cauca , Restrepo,76606.0,Mujer,Menores de Edad (<18 años),-,-,-,1,-,-,-,1
Valle del Cauca , Restrepo,76606.0,Mujer,Mayores de Edad (>18 años),-,-,-,1,-,-,-,1
Valle del Cauca , Restrepo,76606.0,MUJER,TOTAL,-,-,-,2,-,-,-,2
Valle del Cauca , Restrepo,76606.0,Indeterminado,Menores de Edad (<18 años),-,-,-,-,-,-,-,-
Valle del Cauca , Restrepo,76606.0,Indeterminado,Mayores de Edad (>18 años),-,-,-,-,-,-,-,-
Valle del Cauca , Restrepo,76606.0,INDETERMINADO,TOTAL,-,-,-,-,-,-,-,-
Valle del Cauca , Restrepo,76606.0,TOTAL,,-,-,-,7,-,-,-,7
Valle del Cauca , Riofrío,76616.0,Hombre,Menores de Edad (<18 años),-,-,-,-,-,-,-,-
Valle del Cauca , Riofrío,76616.0,Hombre,Mayores de Edad (>18 años),-,-,-,3,-,-,-,3
Valle del Cauca , Riofrío,76616.0,HOMBRE,TOTAL,-,-,-,3,-,-,-,3
Valle del Cauca , Riofrío,76616.0,Mujer,Menores de Edad (<18 años),-,-,-,-,-,-,-,-
Valle del Cauca , Riofrío,76616.0,Mujer,Mayores de Edad (>18 años),-,-,-,-,-,-,-,-
Valle del Cauca , Riofrío,76616.0,MUJER,TOTAL,-,-,-,-,-,-,-,-
Valle del Cauca , Riofrío,76616.0,Indeterminado,Menores de Edad (<18 años),-,-,-,-,-,-,-,-
Valle del Cauca , Riofrío,76616.0,Indeterminado,Mayores de Edad (>18 años),-,-,-,-,-,-,-,-
Valle del Cauca , Riofrío,76616.0,INDETERMINADO,TOTAL,-,-,-,-,-,-,-,-
Valle del Cauca , Riofrío,76616.0,TOTAL,,-,-,-,3,-,-,-,3
Valle del Cauca , Roldanillo,76622.0,Hombre,Menores de Edad (<18 años),-,-,-,1,-,-,-,1
Valle del Cauca , Roldanillo,76622.0,Hombre,Mayores de Edad (>18 años),-,-,-,19,-,-,-,19
Valle del Cauca , Roldanillo,76622.0,HOMBRE,TOTAL,-,-,-,20,-,-,-,20
Valle del Cauca , Roldanillo,76622.0,Mujer,Menores de Edad (<18 años),-,-,-,1,-,-,-,1
Valle del Cauca , Roldanillo,76622.0,Mujer,Mayores de Edad (>18 años),-,-,-,3,-,-,-,3
Valle del Cauca , Roldanillo,76622.0,MUJER,TOTAL,-,-,-,4,-,-,-,4
Valle del Cauca , Roldanillo,76622.0,Indeterminado,Menores de Edad (<18 años),-,-,-,-,-,-,-,-
Valle del Cauca , Roldanillo,76622.0,Indeterminado,Mayores de Edad (>18 años),-,-,-,-,-,-,-,-
Valle del Cauca , Roldanillo,76622.0,INDETERMINADO,TOTAL,-,-,-,-,-,-,-,-
Valle del Cauca , Roldanillo,76622.0,TOTAL,,-,-,-,24,-,-,-,24
Valle del Cauca , San Pedro,76670.0,Hombre,Menores de Edad (<18 años),-,-,-,-,-,-,1,1
Valle del Cauca , San Pedro,76670.0,Hombre,Mayores de Edad (>18 años),-,-,-,8,1,-,-,9
Valle del Cauca , San Pedro,76670.0,HOMBRE,TOTAL,-,-,-,8,1,-,1,10
Valle del Cauca , San Pedro,76670.0,Mujer,Menores de Edad (<18 años),-,-,-,-,-,-,-,-
Valle del Cauca , San Pedro,76670.0,Mujer,Mayores de Edad (>18 años),-,-,-,-,-,-,-,-
Valle del Cauca , San Pedro,76670.0,MUJER,TOTAL,-,-,-,-,-,-,-,-
Valle del Cauca , San Pedro,76670.0,Indeterminado,Menores de Edad (<18 años),-,-,-,-,-,-,-,-
Valle del Cauca , San Pedro,76670.0,Indeterminado,Mayores de Edad (>18 años),-,-,-,-,-,-,-,-
Valle del Cauca , San Pedro,76670.0,INDETERMINADO,TOTAL,-,-,-,-,-,-,-,-
Valle del Cauca , San Pedro,76670.0,TOTAL,,-,-,-,8,1,-,1,10
Valle del Cauca , Sevilla,76736.0,Hombre,Menores de Edad (<18 años),-,-,-,-,-,-,-,-
Valle del Cauca , Sevilla,76736.0,Hombre,Mayores de Edad (>18 años),-,-,1,12,-,-,-,13
Valle del Cauca , Sevilla,76736.0,HOMBRE,TOTAL,-,-,1,12,-,-,-,13
Valle del Cauca , Sevilla,76736.0,Mujer,Menores de Edad (<18 años),-,-,-,-,-,-,-,-
Valle del Cauca , Sevilla,76736.0,Mujer,Mayores de Edad (>18 años),-,-,-,-,-,-,-,-
Valle del Cauca , Sevilla,76736.0,MUJER,TOTAL,-,-,-,-,-,-,-,-
Valle del Cauca , Sevilla,76736.0,Indeterminado,Menores de Edad (<18 años),-,-,-,-,-,-,-,-
Valle del Cauca , Sevilla,76736.0,Indeterminado,Mayores de Edad (>18 años),-,-,-,-,-,-,-,-
Valle del Cauca , Sevilla,76736.0,INDETERMINADO,TOTAL,-,-,-,-,-,-,-,-
Valle del Cauca , Sevilla,76736.0,TOTAL,,-,-,1,12,-,-,-,13
Valle del Cauca , Toro,76823.0,Hombre,Menores de Edad (<18 años),-,-,-,-,-,-,-,-
Valle del Cauca , Toro,76823.0,Hombre,Mayores de Edad (>18 años),-,-,-,14,-,-,-,14
Valle del Cauca , Toro,76823.0,HOMBRE,TOTAL,-,-,-,14,-,-,-,14
Valle del Cauca , Toro,76823.0,Mujer,Menores de Edad (<18 años),-,-,-,-,-,-,-,-
Valle del Cauca , Toro,76823.0,Mujer,Mayores de Edad (>18 años),-,-,-,1,-,-,-,1
Valle del Cauca , Toro,76823.0,MUJER,TOTAL,-,-,-,1,-,-,-,1
Valle del Cauca , Toro,76823.0,Indeterminado,Menores de Edad (<18 años),-,-,-,-,-,-,-,-
Valle del Cauca , Toro,76823.0,Indeterminado,Mayores de Edad (>18 años),-,-,-,-,-,-,-,-
Valle del Cauca , Toro,76823.0,INDETERMINADO,TOTAL,-,-,-,-,-,-,-,-
Valle del Cauca , Toro,76823.0,TOTAL,,-,-,-,15,-,-,-,15
Valle del Cauca , Trujillo,76828.0,Hombre,Menores de Edad (<18 años),-,-,-,1,-,-,-,1
Valle del Cauca , Trujillo,76828.0,Hombre,Mayores de Edad (>18 años),-,-,-,10,-,-,-,10
Valle del Cauca , Trujillo,76828.0,HOMBRE,TOTAL,-,-,-,11,-,-,-,11
Valle del Cauca , Trujillo,76828.0,Mujer,Menores de Edad (<18 años),-,-,-,-,-,-,-,-
Valle del Cauca , Trujillo,76828.0,Mujer,Mayores de Edad (>18 años),-,-,-,-,-,-,-,-
Valle del Cauca , Trujillo,76828.0,MUJER,TOTAL,-,-,-,-,-,-,-,-
Valle del Cauca , Trujillo,76828.0,Indeterminado,Menores de Edad (<18 años),-,-,-,-,-,-,-,-
Valle del Cauca , Trujillo,76828.0,Indeterminado,Mayores de Edad (>18 años),-,-,-,-,-,-,-,-
Valle del Cauca , Trujillo,76828.0,INDETERMINADO,TOTAL,-,-,-,-,-,-,-,-
Valle del Cauca , Trujillo,76828.0,TOTAL,,-,-,-,11,-,-,-,11
Valle del Cauca , Tuluá,76834.0,Hombre,Menores de Edad (<18 años),-,-,-,6,-,-,-,6
Valle del Cauca , Tuluá,76834.0,Hombre,Mayores de Edad (>18 años),-,6,2,114,4,10,3,139
Valle del Cauca , Tuluá,76834.0,HOMBRE,TOTAL,-,6,2,120,4,10,3,145
Valle del Cauca , Tuluá,76834.0,Mujer,Menores de Edad (<18 años),-,1,-,1,-,-,-,2
Valle del Cauca , Tuluá,76834.0,Mujer,Mayores de Edad (>18 años),-,-,-,6,-,-,-,6
Valle del Cauca , Tuluá,76834.0,MUJER,TOTAL,-,1,-,7,-,-,-,8
Valle del Cauca , Tuluá,76834.0,Indeterminado,Menores de Edad (<18 años),-,-,-,-,-,-,-,-
Valle del Cauca , Tuluá,76834.0,Indeterminado,Mayores de Edad (>18 años),-,-,-,-,-,-,-,-
Valle del Cauca , Tuluá,76834.0,INDETERMINADO,TOTAL,-,-,-,-,-,-,-,-
Valle del Cauca , Tuluá,76834.0,TOTAL,,-,7,2,127,4,10,3,153
Valle del Cauca , Versalles,76863.0,Hombre,Menores de Edad (<18 años),-,-,-,-,-,-,-,-
Valle del Cauca , Versalles,76863.0,Hombre,Mayores de Edad (>18 años),-,-,-,3,-,-,-,3
Valle del Cauca , Versalles,76863.0,HOMBRE,TOTAL,-,-,-,3,-,-,-,3
Valle del Cauca , Versalles,76863.0,Mujer,Menores de Edad (<18 años),-,-,-,-,-,-,-,-
Valle del Cauca , Versalles,76863.0,Mujer,Mayores de Edad (>18 años),-,-,-,-,-,-,-,-
Valle del Cauca , Versalles,76863.0,MUJER,TOTAL,-,-,-,-,-,-,-,-
Valle del Cauca , Versalles,76863.0,Indeterminado,Menores de Edad (<18 años),-,-,-,-,-,-,-,-
Valle del Cauca , Versalles,76863.0,Indeterminado,Mayores de Edad (>18 años),-,-,-,-,-,-,-,-
Valle del Cauca , Versalles,76863.0,INDETERMINADO,TOTAL,-,-,-,-,-,-,-,-
Valle del Cauca , Versalles,76863.0,TOTAL,,-,-,-,3,-,-,-,3
Valle del Cauca , Vijes,76869.0,Hombre,Menores de Edad (<18 años),-,-,-,-,-,-,-,-
Valle del Cauca , Vijes,76869.0,Hombre,Mayores de Edad (>18 años),-,-,-,1,-,-,-,1
Valle del Cauca , Vijes,76869.0,HOMBRE,TOTAL,-,-,-,1,-,-,-,1
Valle del Cauca , Vijes,76869.0,Mujer,Menores de Edad (<18 años),-,-,-,-,-,-,-,-
Valle del Cauca , Vijes,76869.0,Mujer,Mayores de Edad (>18 años),-,-,-,1,-,-,-,1
Valle del Cauca , Vijes,76869.0,MUJER,TOTAL,-,-,-,1,-,-,-,1
Valle del Cauca , Vijes,76869.0,Indeterminado,Menores de Edad (<18 años),-,-,-,-,-,-,-,-
Valle del Cauca , Vijes,76869.0,Indeterminado,Mayores de Edad (>18 años),-,-,-,-,-,-,-,-
Valle del Cauca , Vijes,76869.0,INDETERMINADO,TOTAL,-,-,-,-,-,-,-,-
Valle del Cauca , Vijes,76869.0,TOTAL,,-,-,-,2,-,-,-,2
Valle del Cauca , Yotoco,76890.0,Hombre,Menores de Edad (<18 años),-,-,-,-,-,-,-,-
Valle del Cauca , Yotoco,76890.0,Hombre,Mayores de Edad (>18 años),-,-,-,6,-,-,-,6
Valle del Cauca , Yotoco,76890.0,HOMBRE,TOTAL,-,-,-,6,-,-,-,6
Valle del Cauca , Yotoco,76890.0,Mujer,Menores de Edad (<18 años),-,-,-,-,-,-,-,-
Valle del Cauca , Yotoco,76890.0,Mujer,Mayores de Edad (>18 años),-,-,-,-,-,-,-,-
Valle del Cauca , Yotoco,76890.0,MUJER,TOTAL,-,-,-,-,-,-,-,-
Valle del Cauca , Yotoco,76890.0,Indeterminado,Menores de Edad (<18 años),-,-,-,-,-,-,-,-
Valle del Cauca , Yotoco,76890.0,Indeterminado,Mayores de Edad (>18 años),-,-,-,-,-,-,-,-
Valle del Cauca , Yotoco,76890.0,INDETERMINADO,TOTAL,-,-,-,-,-,-,-,-
Valle del Cauca , Yotoco,76890.0,TOTAL,,-,-,-,6,-,-,-,6
Valle del Cauca , Yumbo,76892.0,Hombre,Menores de Edad (<18 años),-,-,-,2,1,-,1,4
Valle del Cauca , Yumbo,76892.0,Hombre,Mayores de Edad (>18 años),-,-,-,50,1,6,2,59
Valle del Cauca , Yumbo,76892.0,HOMBRE,TOTAL,-,-,-,52,2,6,3,63
Valle del Cauca , Yumbo,76892.0,Mujer,Menores de Edad (<18 años),-,1,-,-,-,-,-,1
Valle del Cauca , Yumbo,76892.0,Mujer,Mayores de Edad (>18 años),-,-,-,6,-,1,-,7
Valle del Cauca , Yumbo,76892.0,MUJER,TOTAL,-,1,-,6,-,1,-,8
Valle del Cauca , Yumbo,76892.0,Indeterminado,Menores de Edad (<18 años),-,-,-,-,-,-,-,-
Valle del Cauca , Yumbo,76892.0,Indeterminado,Mayores de Edad (>18 años),-,-,-,-,-,-,-,-
Valle del Cauca , Yumbo,76892.0,INDETERMINADO,TOTAL,-,-,-,-,-,-,-,-
Valle del Cauca , Yumbo,76892.0,TOTAL,,-,1,-,58,2,7,3,71
Valle del Cauca , Zarzal,76895.0,Hombre,Menores de Edad (<18 años),-,-,-,-,-,-,-,-
Valle del Cauca , Zarzal,76895.0,Hombre,Mayores de Edad (>18 años),-,-,-,18,1,4,-,23
Valle del Cauca , Zarzal,76895.0,HOMBRE,TOTAL,-,-,-,18,1,4,-,23
Valle del Cauca , Zarzal,76895.0,Mujer,Menores de Edad (<18 años),-,-,-,-,-,-,-,-
Valle del Cauca , Zarzal,76895.0,Mujer,Mayores de Edad (>18 años),-,-,-,1,-,1,-,2
Valle del Cauca , Zarzal,76895.0,MUJER,TOTAL,-,-,-,1,-,1,-,2
Valle del Cauca , Zarzal,76895.0,Indeterminado,Menores de Edad (<18 años),-,-,-,-,-,-,-,-
Valle del Cauca , Zarzal,76895.0,Indeterminado,Mayores de Edad (>18 años),-,-,-,-,-,-,-,-
Valle del Cauca , Zarzal,76895.0,INDETERMINADO,TOTAL,-,-,-,-,-,-,-,-
Valle del Cauca , Zarzal,76895.0,TOTAL,,-,-,-,19,1,5,-,25
Vaupés , Mitú,97001.0,Hombre,Menores de Edad (<18 años),-,-,-,-,-,-,-,-
Vaupés , Mitú,97001.0,Hombre,Mayores de Edad (>18 años),-,-,1,-,-,-,1,2
Vaupés , Mitú,97001.0,HOMBRE,TOTAL,-,-,1,-,-,-,1,2
Vaupés , Mitú,97001.0,Mujer,Menores de Edad (<18 años),-,-,-,-,-,-,-,-
Vaupés , Mitú,97001.0,Mujer,Mayores de Edad (>18 años),-,-,1,-,-,-,-,1
Vaupés , Mitú,97001.0,MUJER,TOTAL,-,-,1,-,-,-,-,1
Vaupés , Mitú,97001.0,Indeterminado,Menores de Edad (<18 años),-,-,-,-,-,-,-,-
Vaupés , Mitú,97001.0,Indeterminado,Mayores de Edad (>18 años),-,-,-,-,-,-,-,-
Vaupés , Mitú,97001.0,INDETERMINADO,TOTAL,-,-,-,-,-,-,-,-
Vaupés , Mitú,97001.0,TOTAL,,-,-,2,-,-,-,1,3
Vichada , Cumaribo,99773.0,Hombre,Menores de Edad (<18 años),-,-,-,-,-,-,-,-
Vichada , Cumaribo,99773.0,Hombre,Mayores de Edad (>18 años),-,-,-,1,-,-,1,2
Vichada , Cumaribo,99773.0,HOMBRE,TOTAL,-,-,-,1,-,-,1,2
Vichada , Cumaribo,99773.0,Mujer,Menores de Edad (<18 años),-,-,-,-,-,-,-,-
Vichada , Cumaribo,99773.0,Mujer,Mayores de Edad (>18 años),-,-,1,1,-,-,-,2
Vichada , Cumaribo,99773.0,MUJER,TOTAL,-,-,1,1,-,-,-,2
Vichada , Cumaribo,99773.0,Indeterminado,Menores de Edad (<18 años),-,-,-,-,-,-,-,-
Vichada , Cumaribo,99773.0,Indeterminado,Mayores de Edad (>18 años),-,-,-,-,-,-,-,-
Vichada , Cumaribo,99773.0,INDETERMINADO,TOTAL,-,-,-,-,-,-,-,-
Vichada , Cumaribo,99773.0,TOTAL,,-,-,1,2,-,-,1,4
Vichada , Puerto Carreño,99001.0,Hombre,Menores de Edad (<18 años),-,-,-,-,-,-,-,-
Vichada , Puerto Carreño,99001.0,Hombre,Mayores de Edad (>18 años),-,-,-,6,-,-,4,10
Vichada , Puerto Carreño,99001.0,HOMBRE,TOTAL,-,-,-,6,-,-,4,10
Vichada , Puerto Carreño,99001.0,Mujer,Menores de Edad (<18 años),-,-,-,-,-,-,-,-
Vichada , Puerto Carreño,99001.0,Mujer,Mayores de Edad (>18 años),-,-,-,-,-,-,-,-
Vichada , Puerto Carreño,99001.0,MUJER,TOTAL,-,-,-,-,-,-,-,-
Vichada , Puerto Carreño,99001.0,Indeterminado,Menores de Edad (<18 años),-,-,-,-,-,-,-,-
Vichada , Puerto Carreño,99001.0,Indeterminado,Mayores de Edad (>18 años),-,-,-,-,-,-,-,-
Vichada , Puerto Carreño,99001.0,INDETERMINADO,TOTAL,-,-,-,-,-,-,-,-
Vichada , Puerto Carreño,99001.0,TOTAL,,-,-,-,6,-,-,4,10
CIFRA,,,TOTAL,GENERAL,3,305,183,8642,221,985,987,11326
